0 0 0
0 8 0
0 16 0
0 24 0
0 32 0
0 40 0
0 48 0
0 56 0
0 64 0
0 72 0
0 80 0
0 88 0
0 96 0
0 104 0
0 112 0
0 120 0
0 128 0
0 136 0
0 144 0
0 152 0
0 160 0
0 168 0
0 176 0
0 184 0
0 192 0
0 200 0
0 208 0
0 216 0
0 224 0
0 232 0
0 240 0
0 248 0
0 256 0
0 264 0
0 272 0
0 280 0
0 288 0
0 296 0
0 304 0
0 312 0
0 320 0
0 328 0
0 336 0
0 344 0
8 0 1
8 8 -1
8 16 0
8 24 0
8 32 0
8 40 0
8 48 0
8 56 0
8 64 0
8 72 0
8 80 0
8 88 0
8 96 0
8 104 1
8 112 0
8 120 0
8 128 0
8 136 -1
8 144 0
8 152 1
8 160 0
8 168 0
8 176 -1
8 184 0
8 192 0
8 200 0
8 208 0
8 216 0
8 224 0
8 232 0
8 240 0
8 248 0
8 256 0
8 264 0
8 272 0
8 280 0
8 288 0
8 296 0
8 304 0
8 312 0
8 320 0
8 328 1
8 336 0
8 344 0
16 0 1
16 8 -1
16 16 0
16 24 0
16 32 0
16 40 0
16 48 0
16 56 0
16 64 0
16 72 0
16 80 0
16 88 0
16 96 0
16 104 1
16 112 0
16 120 0
16 128 -1
16 136 1
16 144 -1
16 152 1
16 160 0
16 168 0
16 176 0
16 184 0
16 192 -1
16 200 0
16 208 0
16 216 0
16 224 0
16 232 0
16 240 0
16 248 0
16 256 0
16 264 0
16 272 0
16 280 0
16 288 0
16 296 0
16 304 0
16 312 0
16 320 1
16 328 0
16 336 -1
16 344 1
24 0 1
24 8 0
24 16 -1
24 24 0
24 32 0
24 40 0
24 48 0
24 56 0
24 64 0
24 72 0
24 80 0
24 88 0
24 96 1
24 104 0
24 112 0
24 120 0
24 128 0
24 136 -1
24 144 1
24 152 0
24 160 -1
24 168 1
24 176 0
24 184 0
24 192 0
24 200 -1
24 208 0
24 216 0
24 224 0
24 232 0
24 240 0
24 248 0
24 256 0
24 264 0
24 272 0
24 280 0
24 288 0
24 296 0
24 304 0
24 312 0
24 320 1
24 328 0
24 336 -1
24 344 1
32 0 1
32 8 0
32 16 -1
32 24 0
32 32 0
32 40 1
32 48 -1
32 56 0
32 64 0
32 72 0
32 80 0
32 88 1
32 96 0
32 104 0
32 112 0
32 120 0
32 128 0
32 136 -1
32 144 1
32 152 0
32 160 0
32 168 -1
32 176 0
32 184 0
32 192 1
32 200 0
32 208 -1
32 216 0
32 224 0
32 232 0
32 240 0
32 248 0
32 256 0
32 264 0
32 272 0
32 280 0
32 288 0
32 296 0
32 304 0
32 312 0
32 320 1
32 328 0
32 336 -1
32 344 1
40 0 1
40 8 0
40 16 -1
40 24 0
40 32 1
40 40 0
40 48 0
40 56 0
40 64 -1
40 72 1
40 80 0
40 88 0
40 96 0
40 104 0
40 112 0
40 120 0
40 128 0
40 136 -1
40 144 0
40 152 1
40 160 0
40 168 -1
40 176 0
40 184 0
40 192 1
40 200 0
40 208 -1
40 216 1
40 224 -1
40 232 1
40 240 -1
40 248 0
40 256 1
40 264 -1
40 272 0
40 280 1
40 288 -1
40 296 0
40 304 0
40 312 0
40 320 1
40 328 0
40 336 0
40 344 0
48 0 1
48 8 0
48 16 -1
48 24 0
48 32 1
48 40 0
48 48 -1
48 56 1
48 64 -1
48 72 1
48 80 0
48 88 0
48 96 0
48 104 0
48 112 0
48 120 -1
48 128 0
48 136 0
48 144 0
48 152 0
48 160 0
48 168 0
48 176 1
48 184 -1
48 192 0
48 200 0
48 208 1
48 216 0
48 224 -1
48 232 0
48 240 0
48 248 0
48 256 0
48 264 0
48 272 0
48 280 1
48 288 -1
48 296 1
48 304 0
48 312 0
48 320 0
48 328 0
48 336 0
48 344 0
56 0 1
56 8 0
56 16 -1
56 24 0
56 32 1
56 40 0
56 48 0
56 56 0
56 64 0
56 72 0
56 80 0
56 88 0
56 96 0
56 104 0
56 112 0
56 120 -1
56 128 0
56 136 1
56 144 0
56 152 -1
56 160 0
56 168 0
56 176 0
56 184 0
56 192 0
56 200 0
56 208 1
56 216 0
56 224 0
56 232 -1
56 240 0
56 248 1
56 256 0
56 264 -1
56 272 1
56 280 0
56 288 -1
56 296 0
56 304 0
56 312 0
56 320 1
56 328 0
56 336 -1
56 344 1
64 0 1
64 8 0
64 16 -1
64 24 0
64 32 1
64 40 0
64 48 0
64 56 -1
64 64 0
64 72 0
64 80 0
64 88 1
64 96 0
64 104 0
64 112 0
64 120 0
64 128 -1
64 136 0
64 144 0
64 152 0
64 160 0
64 168 1
64 176 -1
64 184 0
64 192 1
64 200 0
64 208 -1
64 216 1
64 224 0
64 232 -1
64 240 1
64 248 -1
64 256 0
64 264 0
64 272 0
64 280 0
64 288 1
64 296 0
64 304 -1
64 312 1
64 320 0
64 328 0
64 336 0
64 344 0
72 0 1
72 8 0
72 16 -1
72 24 0
72 32 0
72 40 0
72 48 0
72 56 0
72 64 0
72 72 0
72 80 0
72 88 1
72 96 0
72 104 0
72 112 0
72 120 0
72 128 -1
72 136 0
72 144 0
72 152 0
72 160 0
72 168 0
72 176 0
72 184 1
72 192 -1
72 200 1
72 208 0
72 216 0
72 224 0
72 232 -1
72 240 1
72 248 0
72 256 -1
72 264 1
72 272 0
72 280 -1
72 288 1
72 296 -1
72 304 0
72 312 1
72 320 0
72 328 0
72 336 0
72 344 0
80 0 1
80 8 0
80 16 -1
80 24 1
80 32 0
80 40 0
80 48 0
80 56 0
80 64 0
80 72 0
80 80 -1
80 88 1
80 96 0
80 104 0
80 112 0
80 120 0
80 128 -1
80 136 1
80 144 0
80 152 -1
80 160 1
80 168 0
80 176 0
80 184 -1
80 192 0
80 200 1
80 208 0
80 216 0
80 224 -1
80 232 0
80 240 1
80 248 -1
80 256 0
80 264 0
80 272 0
80 280 0
80 288 1
80 296 -1
80 304 0
80 312 1
80 320 0
80 328 0
80 336 -1
80 344 1
88 0 1
88 8 0
88 16 -1
88 24 0
88 32 1
88 40 -1
88 48 1
88 56 -1
88 64 1
88 72 -1
88 80 0
88 88 0
88 96 1
88 104 0
88 112 0
88 120 0
88 128 -1
88 136 1
88 144 0
88 152 0
88 160 0
88 168 0
88 176 0
88 184 0
88 192 0
88 200 -1
88 208 1
88 216 0
88 224 0
88 232 0
88 240 0
88 248 -1
88 256 0
88 264 0
88 272 0
88 280 0
88 288 1
88 296 0
88 304 -1
88 312 1
88 320 0
88 328 0
88 336 0
88 344 0
96 0 1
96 8 -1
96 16 1
96 24 0
96 32 0
96 40 -1
96 48 0
96 56 0
96 64 0
96 72 0
96 80 0
96 88 0
96 96 1
96 104 0
96 112 0
96 120 0
96 128 -1
96 136 0
96 144 0
96 152 1
96 160 -1
96 168 1
96 176 -1
96 184 0
96 192 0
96 200 1
96 208 0
96 216 0
96 224 0
96 232 0
96 240 0
96 248 -1
96 256 1
96 264 0
96 272 -1
96 280 1
96 288 0
96 296 0
96 304 -1
96 312 1
96 320 0
96 328 0
96 336 -1
96 344 1
104 0 1
104 8 0
104 16 0
104 24 0
104 32 0
104 40 -1
104 48 0
104 56 0
104 64 0
104 72 0
104 80 0
104 88 0
104 96 1
104 104 0
104 112 0
104 120 0
104 128 0
104 136 0
104 144 -1
104 152 0
104 160 1
104 168 -1
104 176 0
104 184 0
104 192 0
104 200 0
104 208 1
104 216 -1
104 224 1
104 232 0
104 240 0
104 248 0
104 256 0
104 264 0
104 272 0
104 280 0
104 288 0
104 296 -1
104 304 0
104 312 1
104 320 0
104 328 0
104 336 0
104 344 0
112 0 1
112 8 0
112 16 -1
112 24 1
112 32 0
112 40 0
112 48 0
112 56 0
112 64 -1
112 72 0
112 80 1
112 88 -1
112 96 1
112 104 0
112 112 0
112 120 0
112 128 0
112 136 0
112 144 0
112 152 -1
112 160 0
112 168 1
112 176 0
112 184 -1
112 192 1
112 200 0
112 208 0
112 216 -1
112 224 1
112 232 0
112 240 0
112 248 -1
112 256 1
112 264 0
112 272 -1
112 280 1
112 288 0
112 296 -1
112 304 0
112 312 1
112 320 0
112 328 0
112 336 0
112 344 0
120 0 1
120 8 -1
120 16 0
120 24 0
120 32 1
120 40 0
120 48 -1
120 56 0
120 64 1
120 72 0
120 80 0
120 88 -1
120 96 1
120 104 0
120 112 0
120 120 0
120 128 -1
120 136 1
120 144 -1
120 152 0
120 160 0
120 168 1
120 176 -1
120 184 0
120 192 0
120 200 1
120 208 0
120 216 -1
120 224 1
120 232 0
120 240 -1
120 248 0
120 256 1
120 264 0
120 272 0
120 280 0
120 288 0
120 296 -1
120 304 0
120 312 1
120 320 0
120 328 0
120 336 -1
120 344 1
128 0 1
128 8 -1
128 16 0
128 24 0
128 32 0
128 40 0
128 48 0
128 56 0
128 64 0
128 72 0
128 80 0
128 88 0
128 96 0
128 104 1
128 112 0
128 120 -1
128 128 0
128 136 1
128 144 0
128 152 0
128 160 0
128 168 0
128 176 0
128 184 0
128 192 0
128 200 0
128 208 0
128 216 0
128 224 0
128 232 0
128 240 -1
128 248 0
128 256 1
128 264 -1
128 272 0
128 280 1
128 288 0
128 296 -1
128 304 1
128 312 0
128 320 0
128 328 0
128 336 -1
128 344 1
136 0 1
136 8 -1
136 16 0
136 24 0
136 32 0
136 40 0
136 48 0
136 56 0
136 64 0
136 72 0
136 80 0
136 88 0
136 96 0
136 104 0
136 112 1
136 120 0
136 128 0
136 136 -1
136 144 1
136 152 -1
136 160 0
136 168 1
136 176 0
136 184 0
136 192 -1
136 200 1
136 208 0
136 216 0
136 224 0
136 232 0
136 240 -1
136 248 0
136 256 0
136 264 0
136 272 0
136 280 0
136 288 0
136 296 0
136 304 0
136 312 0
136 320 1
136 328 0
136 336 -1
136 344 1
144 0 1
144 8 -1
144 16 0
144 24 0
144 32 0
144 40 0
144 48 0
144 56 0
144 64 0
144 72 0
144 80 0
144 88 0
144 96 1
144 104 -1
144 112 1
144 120 -1
144 128 0
144 136 0
144 144 1
144 152 -1
144 160 0
144 168 0
144 176 0
144 184 0
144 192 0
144 200 1
144 208 0
144 216 -1
144 224 0
144 232 1
144 240 -1
144 248 0
144 256 0
144 264 0
144 272 0
144 280 0
144 288 0
144 296 0
144 304 0
144 312 0
144 320 1
144 328 0
144 336 -1
144 344 1
152 0 1
152 8 0
152 16 -1
152 24 1
152 32 0
152 40 -1
152 48 0
152 56 0
152 64 0
152 72 1
152 80 -1
152 88 1
152 96 0
152 104 0
152 112 0
152 120 -1
152 128 1
152 136 0
152 144 -1
152 152 1
152 160 -1
152 168 0
152 176 0
152 184 0
152 192 1
152 200 0
152 208 0
152 216 0
152 224 -1
152 232 1
152 240 0
152 248 -1
152 256 0
152 264 0
152 272 0
152 280 0
152 288 0
152 296 0
152 304 0
152 312 0
152 320 0
152 328 1
152 336 0
152 344 0
160 0 1
160 8 -1
160 16 0
160 24 0
160 32 1
160 40 -1
160 48 0
160 56 0
160 64 0
160 72 0
160 80 0
160 88 1
160 96 0
160 104 0
160 112 0
160 120 0
160 128 0
160 136 0
160 144 -1
160 152 1
160 160 0
160 168 -1
160 176 0
160 184 1
160 192 0
160 200 0
160 208 0
160 216 0
160 224 -1
160 232 1
160 240 0
160 248 0
160 256 0
160 264 -1
160 272 1
160 280 0
160 288 -1
160 296 1
160 304 0
160 312 -1
160 320 1
160 328 0
160 336 -1
160 344 1
168 0 1
168 8 -1
168 16 1
168 24 -1
168 32 0
168 40 0
168 48 0
168 56 0
168 64 0
168 72 0
168 80 0
168 88 0
168 96 0
168 104 0
168 112 1
168 120 -1
168 128 1
168 136 0
168 144 0
168 152 -1
168 160 1
168 168 0
168 176 -1
168 184 1
168 192 0
168 200 0
168 208 -1
168 216 0
168 224 1
168 232 -1
168 240 1
168 248 -1
168 256 0
168 264 0
168 272 0
168 280 0
168 288 0
168 296 0
168 304 0
168 312 0
168 320 1
168 328 0
168 336 -1
168 344 1
176 0 1
176 8 0
176 16 0
176 24 0
176 32 -1
176 40 0
176 48 1
176 56 -1
176 64 1
176 72 0
176 80 -1
176 88 0
176 96 0
176 104 0
176 112 1
176 120 -1
176 128 0
176 136 0
176 144 0
176 152 1
176 160 0
176 168 -1
176 176 0
176 184 0
176 192 0
176 200 1
176 208 0
176 216 0
176 224 -1
176 232 0
176 240 0
176 248 0
176 256 1
176 264 0
176 272 -1
176 280 0
176 288 0
176 296 0
176 304 0
176 312 0
176 320 1
176 328 -1
176 336 1
176 344 0
184 0 1
184 8 0
184 16 0
184 24 0
184 32 -1
184 40 1
184 48 0
184 56 -1
184 64 0
184 72 0
184 80 0
184 88 1
184 96 -1
184 104 0
184 112 0
184 120 0
184 128 0
184 136 1
184 144 -1
184 152 1
184 160 0
184 168 0
184 176 0
184 184 -1
184 192 1
184 200 -1
184 208 1
184 216 0
184 224 -1
184 232 0
184 240 0
184 248 0
184 256 0
184 264 0
184 272 0
184 280 1
184 288 0
184 296 -1
184 304 1
184 312 0
184 320 -1
184 328 0
184 336 0
184 344 1
192 0 1
192 8 0
192 16 -1
192 24 1
192 32 -1
192 40 0
192 48 0
192 56 0
192 64 1
192 72 0
192 80 -1
192 88 0
192 96 0
192 104 0
192 112 1
192 120 0
192 128 0
192 136 0
192 144 -1
192 152 1
192 160 0
192 168 0
192 176 0
192 184 -1
192 192 1
192 200 0
192 208 0
192 216 0
192 224 -1
192 232 0
192 240 1
192 248 -1
192 256 1
192 264 0
192 272 -1
192 280 0
192 288 0
192 296 1
192 304 -1
192 312 0
192 320 0
192 328 0
192 336 0
192 344 1
200 0 1
200 8 -1
200 16 1
200 24 0
200 32 0
200 40 -1
200 48 1
200 56 -1
200 64 0
200 72 0
200 80 0
200 88 1
200 96 0
200 104 0
200 112 0
200 120 0
200 128 0
200 136 0
200 144 0
200 152 0
200 160 0
200 168 -1
200 176 1
200 184 -1
200 192 0
200 200 1
200 208 0
200 216 0
200 224 -1
200 232 0
200 240 0
200 248 0
200 256 1
200 264 0
200 272 0
200 280 -1
200 288 0
200 296 1
200 304 0
200 312 -1
200 320 0
200 328 1
200 336 -1
200 344 1
208 0 1
208 8 -1
208 16 1
208 24 0
208 32 0
208 40 -1
208 48 0
208 56 0
208 64 1
208 72 0
208 80 0
208 88 -1
208 96 0
208 104 1
208 112 0
208 120 0
208 128 0
208 136 -1
208 144 0
208 152 1
208 160 0
208 168 -1
208 176 1
208 184 0
208 192 0
208 200 0
208 208 0
208 216 0
208 224 0
208 232 0
208 240 -1
208 248 1
208 256 0
208 264 0
208 272 -1
208 280 0
208 288 0
208 296 1
208 304 0
208 312 -1
208 320 0
208 328 0
208 336 0
208 344 1
216 0 1
216 8 0
216 16 0
216 24 0
216 32 -1
216 40 0
216 48 0
216 56 0
216 64 1
216 72 0
216 80 0
216 88 -1
216 96 1
216 104 -1
216 112 1
216 120 0
216 128 0
216 136 0
216 144 -1
216 152 1
216 160 0
216 168 0
216 176 0
216 184 0
216 192 0
216 200 0
216 208 0
216 216 0
216 224 -1
216 232 1
216 240 -1
216 248 1
216 256 0
216 264 0
216 272 0
216 280 0
216 288 0
216 296 0
216 304 0
216 312 0
216 320 -1
216 328 1
216 336 0
216 344 0
224 0 1
224 8 0
224 16 0
224 24 0
224 32 0
224 40 -1
224 48 1
224 56 -1
224 64 1
224 72 0
224 80 -1
224 88 0
224 96 1
224 104 -1
224 112 1
224 120 0
224 128 -1
224 136 0
224 144 1
224 152 0
224 160 0
224 168 0
224 176 -1
224 184 1
224 192 0
224 200 0
224 208 0
224 216 0
224 224 0
224 232 -1
224 240 0
224 248 1
224 256 0
224 264 0
224 272 -1
224 280 0
224 288 1
224 296 0
224 304 0
224 312 -1
224 320 0
224 328 0
224 336 0
224 344 1
232 0 1
232 8 0
232 16 0
232 24 0
232 32 0
232 40 -1
232 48 1
232 56 -1
232 64 1
232 72 0
232 80 -1
232 88 1
232 96 0
232 104 0
232 112 0
232 120 0
232 128 -1
232 136 1
232 144 0
232 152 0
232 160 0
232 168 0
232 176 -1
232 184 1
232 192 0
232 200 0
232 208 0
232 216 0
232 224 -1
232 232 1
232 240 -1
232 248 1
232 256 0
232 264 0
232 272 0
232 280 0
232 288 -1
232 296 1
232 304 0
232 312 -1
232 320 0
232 328 0
232 336 0
232 344 1
240 0 1
240 8 0
240 16 0
240 24 -1
240 32 0
240 40 0
240 48 0
240 56 1
240 64 0
240 72 0
240 80 -1
240 88 1
240 96 0
240 104 0
240 112 0
240 120 0
240 128 -1
240 136 0
240 144 1
240 152 -1
240 160 1
240 168 -1
240 176 1
240 184 0
240 192 0
240 200 0
240 208 0
240 216 0
240 224 0
240 232 -1
240 240 1
240 248 0
240 256 0
240 264 0
240 272 0
240 280 0
240 288 0
240 296 0
240 304 0
240 312 0
240 320 -1
240 328 0
240 336 0
240 344 1
248 0 1
248 8 0
248 16 0
248 24 0
248 32 -1
248 40 0
248 48 0
248 56 1
248 64 -1
248 72 0
248 80 0
248 88 1
248 96 0
248 104 0
248 112 0
248 120 -1
248 128 1
248 136 0
248 144 0
248 152 0
248 160 0
248 168 0
248 176 -1
248 184 1
248 192 0
248 200 -1
248 208 1
248 216 -1
248 224 1
248 232 0
248 240 0
248 248 -1
248 256 1
248 264 0
248 272 0
248 280 0
248 288 -1
248 296 1
248 304 0
248 312 0
248 320 -1
248 328 0
248 336 0
248 344 1
256 0 1
256 8 -1
256 16 1
256 24 -1
256 32 1
256 40 -1
256 48 0
256 56 1
256 64 0
256 72 -1
256 80 1
256 88 0
256 96 0
256 104 0
256 112 0
256 120 0
256 128 -1
256 136 0
256 144 1
256 152 -1
256 160 1
256 168 -1
256 176 0
256 184 1
256 192 0
256 200 -1
256 208 1
256 216 0
256 224 -1
256 232 0
256 240 1
256 248 0
256 256 0
256 264 0
256 272 0
256 280 0
256 288 0
256 296 0
256 304 0
256 312 0
256 320 -1
256 328 1
256 336 -1
256 344 1
264 0 1
264 8 -1
264 16 0
264 24 1
264 32 0
264 40 0
264 48 -1
264 56 1
264 64 0
264 72 0
264 80 -1
264 88 1
264 96 0
264 104 0
264 112 0
264 120 0
264 128 0
264 136 -1
264 144 0
264 152 1
264 160 -1
264 168 1
264 176 -1
264 184 1
264 192 0
264 200 -1
264 208 1
264 216 0
264 224 0
264 232 -1
264 240 0
264 248 1
264 256 0
264 264 0
264 272 -1
264 280 1
264 288 0
264 296 0
264 304 0
264 312 0
264 320 0
264 328 -1
264 336 1
264 344 0
272 0 1
272 8 -1
272 16 0
272 24 0
272 32 0
272 40 0
272 48 0
272 56 1
272 64 -1
272 72 1
272 80 0
272 88 0
272 96 0
272 104 0
272 112 0
272 120 -1
272 128 1
272 136 0
272 144 -1
272 152 0
272 160 0
272 168 1
272 176 -1
272 184 1
272 192 0
272 200 -1
272 208 1
272 216 0
272 224 0
272 232 0
272 240 0
272 248 -1
272 256 1
272 264 0
272 272 0
272 280 0
272 288 0
272 296 0
272 304 0
272 312 0
272 320 0
272 328 -1
272 336 0
272 344 1
280 0 1
280 8 -1
280 16 0
280 24 1
280 32 0
280 40 -1
280 48 1
280 56 0
280 64 -1
280 72 1
280 80 0
280 88 0
280 96 0
280 104 0
280 112 0
280 120 0
280 128 0
280 136 -1
280 144 0
280 152 1
280 160 -1
280 168 1
280 176 0
280 184 -1
280 192 1
280 200 0
280 208 0
280 216 0
280 224 0
280 232 -1
280 240 1
280 248 0
280 256 0
280 264 0
280 272 0
280 280 0
280 288 0
280 296 0
280 304 0
280 312 0
280 320 -1
280 328 1
280 336 0
280 344 0
