0 0 0
0 8 0
0 16 0
0 24 0
0 32 0
0 40 0
0 48 0
0 56 0
0 64 0
0 72 0
0 80 0
0 88 0
0 96 0
0 104 0
0 112 0
0 120 0
0 128 0
0 136 0
0 144 0
0 152 0
0 160 0
0 168 0
0 176 0
0 184 0
0 192 0
0 200 0
0 208 0
0 216 0
0 224 0
0 232 0
0 240 1
0 248 -1
0 256 0
0 264 0
0 272 0
0 280 0
0 288 0
0 296 0
0 304 0
0 312 0
0 320 0
0 328 0
0 336 0
0 344 0
8 0 1
8 8 0
8 16 -1
8 24 1
8 32 -1
8 40 0
8 48 0
8 56 1
8 64 0
8 72 -1
8 80 0
8 88 0
8 96 0
8 104 0
8 112 1
8 120 0
8 128 -1
8 136 1
8 144 0
8 152 -1
8 160 0
8 168 1
8 176 -1
8 184 0
8 192 1
8 200 -1
8 208 0
8 216 0
8 224 1
8 232 -1
8 240 1
8 248 0
8 256 0
8 264 0
8 272 0
8 280 -1
8 288 1
8 296 0
8 304 -1
8 312 1
8 320 -1
8 328 0
8 336 1
8 344 -1
16 0 1
16 8 0
16 16 -1
16 24 1
16 32 0
16 40 -1
16 48 0
16 56 0
16 64 1
16 72 0
16 80 0
16 88 -1
16 96 0
16 104 1
16 112 -1
16 120 0
16 128 1
16 136 -1
16 144 0
16 152 0
16 160 0
16 168 0
16 176 1
16 184 0
16 192 -1
16 200 0
16 208 1
16 216 -1
16 224 1
16 232 -1
16 240 1
16 248 0
16 256 -1
16 264 0
16 272 1
16 280 0
16 288 -1
16 296 1
16 304 -1
16 312 1
16 320 0
16 328 -1
16 336 1
16 344 -1
24 0 1
24 8 0
24 16 0
24 24 -1
24 32 0
24 40 0
24 48 0
24 56 0
24 64 1
24 72 0
24 80 0
24 88 0
24 96 0
24 104 -1
24 112 1
24 120 -1
24 128 0
24 136 1
24 144 -1
24 152 0
24 160 0
24 168 1
24 176 -1
24 184 0
24 192 0
24 200 0
24 208 0
24 216 1
24 224 0
24 232 0
24 240 0
24 248 0
24 256 0
24 264 0
24 272 -1
24 280 0
24 288 0
24 296 1
24 304 -1
24 312 1
24 320 0
24 328 0
24 336 -1
24 344 1
32 0 1
32 8 0
32 16 -1
32 24 0
32 32 1
32 40 -1
32 48 0
32 56 0
32 64 1
32 72 -1
32 80 0
32 88 0
32 96 0
32 104 0
32 112 1
32 120 0
32 128 -1
32 136 0
32 144 0
32 152 1
32 160 0
32 168 -1
32 176 0
32 184 1
32 192 0
32 200 -1
32 208 0
32 216 1
32 224 -1
32 232 1
32 240 0
32 248 0
32 256 -1
32 264 0
32 272 1
32 280 0
32 288 -1
32 296 0
32 304 1
32 312 -1
32 320 0
32 328 1
32 336 0
32 344 0
40 0 1
40 8 0
40 16 -1
40 24 0
40 32 1
40 40 0
40 48 -1
40 56 0
40 64 1
40 72 0
40 80 -1
40 88 1
40 96 0
40 104 0
40 112 -1
40 120 0
40 128 0
40 136 1
40 144 -1
40 152 0
40 160 0
40 168 0
40 176 1
40 184 0
40 192 0
40 200 -1
40 208 1
40 216 0
40 224 0
40 232 0
40 240 0
40 248 0
40 256 -1
40 264 0
40 272 1
40 280 -1
40 288 1
40 296 0
40 304 0
40 312 0
40 320 0
40 328 -1
40 336 0
40 344 0
48 0 1
48 8 -1
48 16 0
48 24 1
48 32 0
48 40 -1
48 48 0
48 56 1
48 64 0
48 72 -1
48 80 0
48 88 1
48 96 -1
48 104 0
48 112 1
48 120 0
48 128 -1
48 136 1
48 144 -1
48 152 1
48 160 -1
48 168 0
48 176 0
48 184 1
48 192 -1
48 200 0
48 208 1
48 216 0
48 224 0
48 232 0
48 240 0
48 248 0
48 256 0
48 264 0
48 272 -1
48 280 0
48 288 0
48 296 1
48 304 0
48 312 0
48 320 -1
48 328 0
48 336 0
48 344 1
56 0 1
56 8 -1
56 16 0
56 24 0
56 32 0
56 40 1
56 48 -1
56 56 1
56 64 0
56 72 0
56 80 -1
56 88 0
56 96 1
56 104 -1
56 112 1
56 120 -1
56 128 0
56 136 0
56 144 0
56 152 0
56 160 1
56 168 -1
56 176 1
56 184 0
56 192 0
56 200 -1
56 208 0
56 216 1
56 224 0
56 232 -1
56 240 1
56 248 0
56 256 -1
56 264 1
56 272 -1
56 280 1
56 288 -1
56 296 0
56 304 0
56 312 1
56 320 -1
56 328 0
56 336 0
56 344 0
64 0 1
64 8 -1
64 16 0
64 24 0
64 32 0
64 40 1
64 48 0
64 56 -1
64 64 1
64 72 -1
64 80 0
64 88 0
64 96 0
64 104 0
64 112 1
64 120 0
64 128 0
64 136 -1
64 144 0
64 152 0
64 160 1
64 168 -1
64 176 0
64 184 0
64 192 0
64 200 0
64 208 1
64 216 0
64 224 -1
64 232 1
64 240 0
64 248 0
64 256 -1
64 264 0
64 272 0
64 280 1
64 288 -1
64 296 1
64 304 -1
64 312 0
64 320 0
64 328 1
64 336 -1
64 344 0
72 0 1
72 8 0
72 16 -1
72 24 1
72 32 0
72 40 0
72 48 0
72 56 0
72 64 0
72 72 -1
72 80 1
72 88 -1
72 96 0
72 104 0
72 112 0
72 120 0
72 128 0
72 136 0
72 144 0
72 152 0
72 160 0
72 168 0
72 176 0
72 184 0
72 192 0
72 200 0
72 208 0
72 216 0
72 224 0
72 232 0
72 240 0
72 248 0
72 256 0
72 264 0
72 272 0
72 280 0
72 288 0
72 296 0
72 304 0
72 312 0
72 320 0
72 328 0
72 336 0
72 344 0
80 0 1
80 8 0
80 16 0
80 24 -1
80 32 0
80 40 1
80 48 -1
80 56 1
80 64 0
80 72 0
80 80 -1
80 88 0
80 96 0
80 104 0
80 112 1
80 120 -1
80 128 0
80 136 0
80 144 0
80 152 0
80 160 0
80 168 0
80 176 0
80 184 1
80 192 0
80 200 -1
80 208 0
80 216 0
80 224 0
80 232 0
80 240 0
80 248 0
80 256 0
80 264 0
80 272 0
80 280 0
80 288 0
80 296 0
80 304 0
80 312 0
80 320 0
80 328 0
80 336 0
80 344 0
88 0 1
88 8 0
88 16 0
88 24 0
88 32 -1
88 40 1
88 48 0
88 56 -1
88 64 1
88 72 0
88 80 0
88 88 0
88 96 0
88 104 0
88 112 -1
88 120 0
88 128 0
88 136 0
88 144 0
88 152 0
88 160 0
88 168 0
88 176 0
88 184 0
88 192 1
88 200 -1
88 208 0
88 216 0
88 224 0
88 232 0
88 240 0
88 248 0
88 256 1
88 264 -1
88 272 0
88 280 0
88 288 0
88 296 0
88 304 0
88 312 0
88 320 0
88 328 0
88 336 0
88 344 0
96 0 1
96 8 -1
96 16 0
96 24 0
96 32 0
96 40 0
96 48 1
96 56 -1
96 64 1
96 72 0
96 80 -1
96 88 0
96 96 1
96 104 0
96 112 0
96 120 0
96 128 -1
96 136 1
96 144 0
96 152 -1
96 160 0
96 168 0
96 176 0
96 184 0
96 192 1
96 200 -1
96 208 1
96 216 0
96 224 -1
96 232 0
96 240 0
96 248 1
96 256 -1
96 264 0
96 272 1
96 280 -1
96 288 0
96 296 1
96 304 0
96 312 -1
96 320 0
96 328 0
96 336 0
96 344 1
104 0 1
104 8 -1
104 16 0
104 24 1
104 32 0
104 40 0
104 48 -1
104 56 1
104 64 0
104 72 0
104 80 -1
104 88 1
104 96 0
104 104 0
104 112 -1
104 120 0
104 128 0
104 136 1
104 144 0
104 152 -1
104 160 0
104 168 0
104 176 0
104 184 1
104 192 0
104 200 -1
104 208 1
104 216 -1
104 224 0
104 232 0
104 240 0
104 248 0
104 256 0
104 264 0
104 272 1
104 280 -1
104 288 1
104 296 -1
104 304 1
104 312 0
104 320 -1
104 328 0
104 336 0
104 344 1
112 0 1
112 8 -1
112 16 0
112 24 1
112 32 0
112 40 0
112 48 -1
112 56 0
112 64 1
112 72 0
112 80 0
112 88 0
112 96 0
112 104 0
112 112 0
112 120 -1
112 128 1
112 136 0
112 144 0
112 152 -1
112 160 0
112 168 1
112 176 -1
112 184 0
112 192 1
112 200 -1
112 208 1
112 216 0
112 224 0
112 232 0
112 240 0
112 248 0
112 256 -1
112 264 0
112 272 1
112 280 -1
112 288 0
112 296 1
112 304 -1
112 312 0
112 320 1
112 328 -1
112 336 1
112 344 0
120 0 1
120 8 -1
120 16 0
120 24 0
120 32 0
120 40 0
120 48 1
120 56 -1
120 64 1
120 72 0
120 80 0
120 88 0
120 96 -1
120 104 0
120 112 0
120 120 0
120 128 0
120 136 1
120 144 0
120 152 -1
120 160 0
120 168 0
120 176 1
120 184 -1
120 192 1
120 200 0
120 208 0
120 216 0
120 224 -1
120 232 1
120 240 0
120 248 -1
120 256 0
120 264 1
120 272 0
120 280 -1
120 288 0
120 296 1
120 304 0
120 312 -1
120 320 0
120 328 1
120 336 0
120 344 0
128 0 1
128 8 -1
128 16 0
128 24 1
128 32 0
128 40 0
128 48 0
128 56 -1
128 64 1
128 72 0
128 80 -1
128 88 1
128 96 -1
128 104 0
128 112 0
128 120 0
128 128 0
128 136 1
128 144 0
128 152 0
128 160 0
128 168 -1
128 176 1
128 184 0
128 192 0
128 200 0
128 208 -1
128 216 0
128 224 0
128 232 1
128 240 -1
128 248 0
128 256 0
128 264 1
128 272 -1
128 280 1
128 288 -1
128 296 0
128 304 0
128 312 0
128 320 0
128 328 1
128 336 -1
128 344 1
136 0 1
136 8 0
136 16 0
136 24 0
136 32 0
136 40 -1
136 48 0
136 56 1
136 64 0
136 72 0
136 80 -1
136 88 1
136 96 0
136 104 0
136 112 -1
136 120 1
136 128 -1
136 136 1
136 144 -1
136 152 0
136 160 0
136 168 0
136 176 0
136 184 0
136 192 1
136 200 0
136 208 -1
136 216 0
136 224 0
136 232 1
136 240 -1
136 248 0
136 256 0
136 264 0
136 272 0
136 280 0
136 288 1
136 296 -1
136 304 0
136 312 0
136 320 0
136 328 0
136 336 0
136 344 0
144 0 1
144 8 -1
144 16 0
144 24 1
144 32 0
144 40 0
144 48 -1
144 56 0
144 64 1
144 72 0
144 80 0
144 88 -1
144 96 1
144 104 -1
144 112 0
144 120 0
144 128 0
144 136 0
144 144 0
144 152 0
144 160 0
144 168 0
144 176 1
144 184 -1
144 192 1
144 200 0
144 208 -1
144 216 0
144 224 0
144 232 0
144 240 0
144 248 0
144 256 0
144 264 0
144 272 1
144 280 0
144 288 -1
144 296 1
144 304 -1
144 312 0
144 320 1
144 328 0
144 336 0
144 344 -1
152 0 1
152 8 0
152 16 0
152 24 0
152 32 0
152 40 0
152 48 -1
152 56 0
152 64 1
152 72 0
152 80 0
152 88 0
152 96 0
152 104 -1
152 112 1
152 120 -1
152 128 1
152 136 -1
152 144 1
152 152 -1
152 160 1
152 168 -1
152 176 1
152 184 0
152 192 0
152 200 0
152 208 0
152 216 -1
152 224 1
152 232 0
152 240 -1
152 248 1
152 256 0
152 264 0
152 272 0
152 280 0
152 288 -1
152 296 0
152 304 0
152 312 1
152 320 -1
152 328 0
152 336 0
152 344 0
160 0 1
160 8 -1
160 16 1
160 24 0
160 32 -1
160 40 0
160 48 0
160 56 1
160 64 0
160 72 0
160 80 -1
160 88 0
160 96 0
160 104 0
160 112 0
160 120 0
160 128 0
160 136 0
160 144 0
160 152 0
160 160 0
160 168 0
160 176 1
160 184 0
160 192 -1
160 200 1
160 208 -1
160 216 0
160 224 0
160 232 0
160 240 1
160 248 -1
160 256 0
160 264 0
160 272 1
160 280 -1
160 288 0
160 296 1
160 304 0
160 312 0
160 320 0
160 328 0
160 336 -1
160 344 1
168 0 0
168 8 0
168 16 0
168 24 1
168 32 -1
168 40 0
168 48 1
168 56 -1
168 64 1
168 72 -1
168 80 1
168 88 -1
168 96 0
168 104 0
168 112 0
168 120 0
168 128 0
168 136 0
168 144 0
168 152 0
168 160 1
168 168 -1
168 176 1
168 184 0
168 192 -1
168 200 0
168 208 1
168 216 0
168 224 0
168 232 -1
168 240 1
168 248 0
168 256 -1
168 264 0
168 272 0
168 280 0
168 288 1
168 296 -1
168 304 0
168 312 0
168 320 1
168 328 -1
168 336 1
168 344 -1
176 0 1
176 8 -1
176 16 1
176 24 -1
176 32 0
176 40 1
176 48 -1
176 56 0
176 64 1
176 72 0
176 80 -1
176 88 0
176 96 1
176 104 -1
176 112 1
176 120 0
176 128 -1
176 136 1
176 144 -1
176 152 1
176 160 0
176 168 -1
176 176 1
176 184 -1
176 192 0
176 200 1
176 208 0
176 216 -1
176 224 0
176 232 0
176 240 1
176 248 0
176 256 -1
176 264 0
176 272 0
176 280 1
176 288 -1
176 296 0
176 304 0
176 312 0
176 320 0
176 328 0
176 336 0
176 344 0
184 0 1
184 8 -1
184 16 0
184 24 0
184 32 0
184 40 0
184 48 1
184 56 -1
184 64 0
184 72 0
184 80 0
184 88 0
184 96 0
184 104 0
184 112 0
184 120 0
184 128 0
184 136 0
184 144 0
184 152 0
184 160 0
184 168 0
184 176 1
184 184 -1
184 192 0
184 200 1
184 208 -1
184 216 1
184 224 0
184 232 -1
184 240 1
184 248 0
184 256 -1
184 264 0
184 272 0
184 280 0
184 288 0
184 296 0
184 304 0
184 312 0
184 320 0
184 328 1
184 336 -1
184 344 0
192 0 1
192 8 -1
192 16 0
192 24 0
192 32 1
192 40 0
192 48 0
192 56 0
192 64 0
192 72 0
192 80 0
192 88 0
192 96 0
192 104 -1
192 112 1
192 120 0
192 128 0
192 136 0
192 144 0
192 152 0
192 160 0
192 168 0
192 176 0
192 184 0
192 192 -1
192 200 1
192 208 0
192 216 0
192 224 0
192 232 0
192 240 0
192 248 -1
192 256 1
192 264 0
192 272 0
192 280 0
192 288 -1
192 296 0
192 304 0
192 312 1
192 320 0
192 328 -1
192 336 0
192 344 0
200 0 1
200 8 0
200 16 0
200 24 0
200 32 0
200 40 0
200 48 0
200 56 0
200 64 0
200 72 0
200 80 0
200 88 0
200 96 0
200 104 0
200 112 0
200 120 0
200 128 0
200 136 0
200 144 -1
200 152 0
200 160 1
200 168 -1
200 176 0
200 184 1
200 192 -1
200 200 1
200 208 0
200 216 -1
200 224 1
200 232 -1
200 240 0
200 248 0
200 256 0
200 264 0
200 272 0
200 280 0
200 288 1
200 296 -1
200 304 0
200 312 0
200 320 0
200 328 1
200 336 0
200 344 -1
208 0 1
208 8 -1
208 16 1
208 24 -1
208 32 0
208 40 1
208 48 -1
208 56 1
208 64 0
208 72 0
208 80 0
208 88 -1
208 96 0
208 104 0
208 112 1
208 120 0
208 128 -1
208 136 1
208 144 -1
208 152 0
208 160 0
208 168 0
208 176 1
208 184 0
208 192 -1
208 200 1
208 208 0
208 216 0
208 224 0
208 232 0
208 240 0
208 248 -1
208 256 1
208 264 -1
208 272 1
208 280 -1
208 288 0
208 296 1
208 304 0
208 312 -1
208 320 1
208 328 0
208 336 -1
208 344 1
216 0 1
216 8 -1
216 16 1
216 24 0
216 32 -1
216 40 1
216 48 0
216 56 0
216 64 0
216 72 0
216 80 0
216 88 0
216 96 0
216 104 0
216 112 -1
216 120 1
216 128 -1
216 136 1
216 144 0
216 152 -1
216 160 1
216 168 -1
216 176 1
216 184 0
216 192 -1
216 200 1
216 208 -1
216 216 1
216 224 0
216 232 -1
216 240 1
216 248 -1
216 256 1
216 264 0
216 272 -1
216 280 1
216 288 -1
216 296 0
216 304 1
216 312 -1
216 320 1
216 328 0
216 336 0
216 344 -1
224 0 1
224 8 -1
224 16 1
224 24 0
224 32 -1
224 40 1
224 48 0
224 56 0
224 64 0
224 72 0
224 80 0
224 88 -1
224 96 1
224 104 -1
224 112 1
224 120 0
224 128 -1
224 136 1
224 144 0
224 152 -1
224 160 0
224 168 0
224 176 1
224 184 0
224 192 -1
224 200 1
224 208 0
224 216 0
224 224 0
224 232 -1
224 240 1
224 248 0
224 256 -1
224 264 1
224 272 -1
224 280 1
224 288 -1
224 296 1
224 304 -1
224 312 1
224 320 0
224 328 -1
224 336 1
224 344 0
232 0 1
232 8 -1
232 16 0
232 24 0
232 32 0
232 40 1
232 48 0
232 56 0
232 64 0
232 72 0
232 80 -1
232 88 0
232 96 0
232 104 1
232 112 -1
232 120 1
232 128 -1
232 136 0
232 144 1
232 152 -1
232 160 1
232 168 -1
232 176 1
232 184 0
232 192 -1
232 200 1
232 208 0
232 216 -1
232 224 1
232 232 -1
232 240 1
232 248 0
232 256 0
232 264 0
232 272 0
232 280 0
232 288 0
232 296 0
232 304 0
232 312 -1
232 320 1
232 328 -1
232 336 0
232 344 0
240 0 1
240 8 -1
240 16 1
240 24 -1
240 32 0
240 40 0
240 48 0
240 56 0
240 64 1
240 72 0
240 80 0
240 88 -1
240 96 1
240 104 0
240 112 -1
240 120 1
240 128 -1
240 136 1
240 144 0
240 152 -1
240 160 1
240 168 -1
240 176 1
240 184 0
240 192 -1
240 200 1
240 208 0
240 216 -1
240 224 1
240 232 -1
240 240 1
240 248 0
240 256 -1
240 264 0
240 272 0
240 280 0
240 288 0
240 296 0
240 304 0
240 312 1
240 320 0
240 328 -1
240 336 1
240 344 0
248 0 1
248 8 -1
248 16 0
248 24 0
248 32 0
248 40 0
248 48 0
248 56 0
248 64 0
248 72 1
248 80 -1
248 88 0
248 96 0
248 104 0
248 112 0
248 120 1
248 128 -1
248 136 1
248 144 0
248 152 -1
248 160 1
248 168 0
248 176 0
248 184 0
248 192 -1
248 200 1
248 208 0
248 216 -1
248 224 0
248 232 0
248 240 0
248 248 1
248 256 -1
248 264 1
248 272 0
248 280 -1
248 288 1
248 296 -1
248 304 0
248 312 1
248 320 0
248 328 -1
248 336 1
248 344 0
256 0 1
256 8 -1
256 16 0
256 24 0
256 32 0
256 40 0
256 48 1
256 56 -1
256 64 0
256 72 1
256 80 0
256 88 -1
256 96 0
256 104 0
256 112 0
256 120 0
256 128 0
256 136 0
256 144 1
256 152 -1
256 160 1
256 168 -1
256 176 1
256 184 0
256 192 -1
256 200 1
256 208 0
256 216 0
256 224 0
256 232 0
256 240 0
256 248 0
256 256 -1
256 264 1
256 272 0
256 280 -1
256 288 0
256 296 0
256 304 1
256 312 -1
256 320 1
256 328 -1
256 336 0
256 344 1
264 0 1
264 8 -1
264 16 0
264 24 0
264 32 0
264 40 1
264 48 0
264 56 0
264 64 0
264 72 0
264 80 0
264 88 -1
264 96 1
264 104 0
264 112 -1
264 120 1
264 128 0
264 136 0
264 144 0
264 152 -1
264 160 0
264 168 0
264 176 1
264 184 0
264 192 -1
264 200 1
264 208 0
264 216 -1
264 224 1
264 232 -1
264 240 1
264 248 0
264 256 0
264 264 0
264 272 -1
264 280 0
264 288 0
264 296 0
264 304 0
264 312 0
264 320 0
264 328 0
264 336 0
264 344 0
272 0 1
272 8 0
272 16 0
272 24 -1
272 32 1
272 40 0
272 48 0
272 56 0
272 64 0
272 72 0
272 80 0
272 88 -1
272 96 1
272 104 0
272 112 0
272 120 0
272 128 -1
272 136 0
272 144 1
272 152 -1
272 160 1
272 168 -1
272 176 0
272 184 0
272 192 1
272 200 -1
272 208 1
272 216 -1
272 224 0
272 232 0
272 240 1
272 248 0
272 256 -1
272 264 1
272 272 -1
272 280 1
272 288 -1
272 296 0
272 304 1
272 312 -1
272 320 1
272 328 -1
272 336 1
272 344 0
280 0 1
280 8 -1
280 16 1
280 24 -1
280 32 0
280 40 1
280 48 -1
280 56 0
280 64 1
280 72 0
280 80 0
280 88 -1
280 96 0
280 104 1
280 112 -1
280 120 1
280 128 -1
280 136 1
280 144 0
280 152 -1
280 160 1
280 168 -1
280 176 1
280 184 -1
280 192 0
280 200 0
280 208 0
280 216 0
280 224 0
280 232 0
280 240 0
280 248 0
280 256 0
280 264 0
280 272 0
280 280 1
280 288 0
280 296 -1
280 304 1
280 312 0
280 320 0
280 328 -1
280 336 1
280 344 0
