0 0 0
0 8 0
0 16 0
0 24 0
0 32 0
0 40 0
0 48 0
0 56 0
0 64 0
0 72 0
0 80 0
0 88 0
0 96 0
0 104 0
0 112 0
0 120 0
0 128 0
0 136 0
0 144 0
0 152 0
0 160 0
0 168 0
0 176 0
0 184 0
0 192 0
0 200 0
0 208 0
0 216 0
0 224 0
0 232 0
0 240 0
0 248 0
0 256 0
0 264 0
0 272 0
0 280 0
0 288 0
0 296 0
0 304 0
0 312 0
0 320 0
0 328 0
0 336 0
0 344 0
8 0 1
8 8 -1
8 16 0
8 24 0
8 32 0
8 40 0
8 48 0
8 56 0
8 64 0
8 72 0
8 80 0
8 88 0
8 96 0
8 104 0
8 112 0
8 120 0
8 128 0
8 136 0
8 144 0
8 152 0
8 160 0
8 168 0
8 176 0
8 184 0
8 192 0
8 200 0
8 208 0
8 216 0
8 224 0
8 232 0
8 240 0
8 248 0
8 256 0
8 264 0
8 272 0
8 280 0
8 288 0
8 296 0
8 304 0
8 312 0
8 320 0
8 328 0
8 336 0
8 344 0
16 0 1
16 8 -1
16 16 0
16 24 0
16 32 0
16 40 0
16 48 0
16 56 0
16 64 0
16 72 0
16 80 0
16 88 0
16 96 0
16 104 0
16 112 0
16 120 0
16 128 0
16 136 0
16 144 0
16 152 0
16 160 0
16 168 0
16 176 0
16 184 0
16 192 0
16 200 0
16 208 0
16 216 0
16 224 0
16 232 0
16 240 0
16 248 0
16 256 0
16 264 0
16 272 0
16 280 0
16 288 0
16 296 0
16 304 0
16 312 0
16 320 0
16 328 0
16 336 0
16 344 0
24 0 1
24 8 -1
24 16 0
24 24 0
24 32 0
24 40 0
24 48 0
24 56 0
24 64 0
24 72 0
24 80 0
24 88 0
24 96 0
24 104 0
24 112 0
24 120 0
24 128 0
24 136 0
24 144 0
24 152 0
24 160 0
24 168 0
24 176 0
24 184 0
24 192 0
24 200 0
24 208 0
24 216 0
24 224 0
24 232 0
24 240 0
24 248 0
24 256 0
24 264 0
24 272 0
24 280 0
24 288 0
24 296 0
24 304 0
24 312 0
24 320 0
24 328 0
24 336 0
24 344 0
32 0 1
32 8 -1
32 16 0
32 24 0
32 32 0
32 40 0
32 48 0
32 56 0
32 64 0
32 72 0
32 80 0
32 88 0
32 96 0
32 104 0
32 112 0
32 120 0
32 128 0
32 136 0
32 144 0
32 152 0
32 160 0
32 168 0
32 176 0
32 184 0
32 192 0
32 200 0
32 208 1
32 216 -1
32 224 0
32 232 0
32 240 0
32 248 0
32 256 0
32 264 0
32 272 0
32 280 0
32 288 0
32 296 0
32 304 0
32 312 1
32 320 -1
32 328 1
32 336 -1
32 344 0
40 0 1
40 8 -1
40 16 0
40 24 0
40 32 0
40 40 0
40 48 0
40 56 1
40 64 -1
40 72 0
40 80 0
40 88 0
40 96 0
40 104 0
40 112 0
40 120 1
40 128 -1
40 136 1
40 144 -1
40 152 0
40 160 1
40 168 -1
40 176 0
40 184 0
40 192 0
40 200 1
40 208 0
40 216 -1
40 224 0
40 232 0
40 240 0
40 248 0
40 256 1
40 264 -1
40 272 0
40 280 0
40 288 0
40 296 1
40 304 0
40 312 0
40 320 0
40 328 0
40 336 -1
40 344 0
48 0 1
48 8 -1
48 16 0
48 24 0
48 32 0
48 40 0
48 48 0
48 56 0
48 64 0
48 72 0
48 80 0
48 88 0
48 96 0
48 104 0
48 112 0
48 120 0
48 128 0
48 136 0
48 144 0
48 152 0
48 160 0
48 168 0
48 176 0
48 184 0
48 192 0
48 200 1
48 208 -1
48 216 0
48 224 0
48 232 0
48 240 0
48 248 1
48 256 -1
48 264 0
48 272 1
48 280 0
48 288 -1
48 296 0
48 304 1
48 312 -1
48 320 0
48 328 0
48 336 1
48 344 0
56 0 1
56 8 -1
56 16 0
56 24 0
56 32 1
56 40 -1
56 48 0
56 56 0
56 64 0
56 72 0
56 80 0
56 88 1
56 96 0
56 104 0
56 112 0
56 120 -1
56 128 0
56 136 0
56 144 0
56 152 0
56 160 0
56 168 1
56 176 0
56 184 -1
56 192 1
56 200 -1
56 208 1
56 216 -1
56 224 0
56 232 0
56 240 1
56 248 0
56 256 -1
56 264 0
56 272 1
56 280 -1
56 288 0
56 296 0
56 304 0
56 312 0
56 320 0
56 328 0
56 336 0
56 344 0
64 0 1
64 8 -1
64 16 1
64 24 -1
64 32 0
64 40 0
64 48 0
64 56 1
64 64 -1
64 72 0
64 80 0
64 88 0
64 96 1
64 104 0
64 112 -1
64 120 1
64 128 0
64 136 -1
64 144 1
64 152 0
64 160 -1
64 168 1
64 176 0
64 184 0
64 192 0
64 200 0
64 208 0
64 216 0
64 224 0
64 232 0
64 240 -1
64 248 0
64 256 1
64 264 0
64 272 -1
64 280 0
64 288 0
64 296 0
64 304 0
64 312 0
64 320 0
64 328 0
64 336 1
64 344 -1
72 0 1
72 8 0
72 16 0
72 24 -1
72 32 0
72 40 1
72 48 0
72 56 0
72 64 0
72 72 -1
72 80 0
72 88 0
72 96 0
72 104 0
72 112 0
72 120 0
72 128 0
72 136 0
72 144 0
72 152 1
72 160 -1
72 168 0
72 176 0
72 184 0
72 192 0
72 200 0
72 208 0
72 216 0
72 224 1
72 232 -1
72 240 0
72 248 0
72 256 0
72 264 0
72 272 0
72 280 0
72 288 1
72 296 0
72 304 -1
72 312 0
72 320 1
72 328 -1
72 336 0
72 344 0
80 0 1
80 8 -1
80 16 0
80 24 0
80 32 0
80 40 1
80 48 -1
80 56 1
80 64 0
80 72 -1
80 80 1
80 88 -1
80 96 0
80 104 0
80 112 1
80 120 0
80 128 -1
80 136 0
80 144 0
80 152 0
80 160 0
80 168 0
80 176 0
80 184 0
80 192 0
80 200 0
80 208 0
80 216 0
80 224 1
80 232 -1
80 240 0
80 248 0
80 256 0
80 264 0
80 272 0
80 280 0
80 288 0
80 296 0
80 304 1
80 312 -1
80 320 0
80 328 0
80 336 1
80 344 -1
88 0 1
88 8 -1
88 16 0
88 24 0
88 32 0
88 40 1
88 48 -1
88 56 1
88 64 0
88 72 0
88 80 0
88 88 -1
88 96 0
88 104 1
88 112 -1
88 120 0
88 128 0
88 136 0
88 144 0
88 152 0
88 160 1
88 168 -1
88 176 0
88 184 0
88 192 0
88 200 0
88 208 0
88 216 0
88 224 1
88 232 -1
88 240 0
88 248 0
88 256 0
88 264 0
88 272 0
88 280 0
88 288 1
88 296 0
88 304 -1
88 312 0
88 320 1
88 328 0
88 336 -1
88 344 1
96 0 1
96 8 -1
96 16 0
96 24 1
96 32 0
96 40 0
96 48 -1
96 56 1
96 64 0
96 72 0
96 80 0
96 88 -1
96 96 1
96 104 -1
96 112 1
96 120 0
96 128 0
96 136 0
96 144 -1
96 152 0
96 160 1
96 168 -1
96 176 1
96 184 0
96 192 0
96 200 -1
96 208 0
96 216 1
96 224 0
96 232 0
96 240 0
96 248 -1
96 256 1
96 264 -1
96 272 1
96 280 0
96 288 0
96 296 0
96 304 -1
96 312 0
96 320 1
96 328 0
96 336 0
96 344 0
104 0 1
104 8 -1
104 16 0
104 24 0
104 32 0
104 40 1
104 48 0
104 56 0
104 64 -1
104 72 1
104 80 0
104 88 0
104 96 0
104 104 0
104 112 0
104 120 -1
104 128 1
104 136 -1
104 144 1
104 152 -1
104 160 0
104 168 0
104 176 1
104 184 -1
104 192 0
104 200 0
104 208 0
104 216 1
104 224 -1
104 232 1
104 240 0
104 248 -1
104 256 0
104 264 0
104 272 0
104 280 0
104 288 1
104 296 0
104 304 -1
104 312 0
104 320 1
104 328 0
104 336 0
104 344 -1
112 0 1
112 8 -1
112 16 0
112 24 0
112 32 0
112 40 1
112 48 0
112 56 0
112 64 0
112 72 -1
112 80 0
112 88 0
112 96 1
112 104 0
112 112 0
112 120 -1
112 128 0
112 136 1
112 144 0
112 152 -1
112 160 0
112 168 1
112 176 0
112 184 -1
112 192 0
112 200 0
112 208 1
112 216 0
112 224 -1
112 232 0
112 240 1
112 248 0
112 256 0
112 264 0
112 272 0
112 280 0
112 288 0
112 296 0
112 304 -1
112 312 0
112 320 1
112 328 -1
112 336 0
112 344 0
120 0 1
120 8 -1
120 16 1
120 24 -1
120 32 0
120 40 0
120 48 1
120 56 0
120 64 -1
120 72 0
120 80 0
120 88 0
120 96 0
120 104 0
120 112 0
120 120 0
120 128 0
120 136 0
120 144 0
120 152 0
120 160 0
120 168 0
120 176 0
120 184 0
120 192 0
120 200 0
120 208 0
120 216 0
120 224 0
120 232 0
120 240 0
120 248 0
120 256 0
120 264 1
120 272 -1
120 280 0
120 288 0
120 296 1
120 304 -1
120 312 0
120 320 1
120 328 0
120 336 -1
120 344 0
128 0 0
128 8 1
128 16 -1
128 24 0
128 32 0
128 40 0
128 48 1
128 56 0
128 64 0
128 72 -1
128 80 1
128 88 -1
128 96 0
128 104 1
128 112 -1
128 120 0
128 128 0
128 136 0
128 144 0
128 152 1
128 160 0
128 168 -1
128 176 0
128 184 0
128 192 1
128 200 0
128 208 0
128 216 -1
128 224 0
128 232 0
128 240 1
128 248 0
128 256 0
128 264 -1
128 272 1
128 280 -1
128 288 0
128 296 0
128 304 0
128 312 1
128 320 -1
128 328 0
128 336 0
128 344 0
136 0 1
136 8 -1
136 16 1
136 24 -1
136 32 0
136 40 0
136 48 1
136 56 0
136 64 0
136 72 0
136 80 0
136 88 -1
136 96 1
136 104 -1
136 112 0
136 120 0
136 128 1
136 136 -1
136 144 0
136 152 0
136 160 0
136 168 0
136 176 0
136 184 0
136 192 0
136 200 1
136 208 -1
136 216 0
136 224 1
136 232 -1
136 240 0
136 248 0
136 256 0
136 264 0
136 272 0
136 280 0
136 288 0
136 296 0
136 304 0
136 312 0
136 320 1
136 328 -1
136 336 0
136 344 0
144 0 1
144 8 -1
144 16 1
144 24 -1
144 32 1
144 40 -1
144 48 0
144 56 1
144 64 0
144 72 -1
144 80 1
144 88 -1
144 96 1
144 104 0
144 112 0
144 120 0
144 128 -1
144 136 1
144 144 0
144 152 0
144 160 -1
144 168 0
144 176 0
144 184 0
144 192 0
144 200 0
144 208 0
144 216 0
144 224 0
144 232 0
144 240 0
144 248 0
144 256 0
144 264 0
144 272 1
144 280 0
144 288 0
144 296 0
144 304 0
144 312 -1
144 320 1
144 328 0
144 336 -1
144 344 1
152 0 1
152 8 -1
152 16 0
152 24 0
152 32 0
152 40 0
152 48 1
152 56 0
152 64 0
152 72 -1
152 80 1
152 88 -1
152 96 1
152 104 -1
152 112 1
152 120 0
152 128 0
152 136 -1
152 144 0
152 152 0
152 160 0
152 168 0
152 176 0
152 184 0
152 192 0
152 200 1
152 208 -1
152 216 1
152 224 -1
152 232 0
152 240 1
152 248 -1
152 256 0
152 264 0
152 272 0
152 280 1
152 288 -1
152 296 0
152 304 1
152 312 0
152 320 -1
152 328 0
152 336 1
152 344 -1
160 0 1
160 8 -1
160 16 0
160 24 0
160 32 0
160 40 1
160 48 0
160 56 0
160 64 -1
160 72 0
160 80 1
160 88 -1
160 96 0
160 104 0
160 112 0
160 120 0
160 128 1
160 136 -1
160 144 1
160 152 -1
160 160 0
160 168 0
160 176 0
160 184 0
160 192 0
160 200 0
160 208 0
160 216 1
160 224 -1
160 232 1
160 240 -1
160 248 0
160 256 1
160 264 -1
160 272 1
160 280 -1
160 288 0
160 296 0
160 304 0
160 312 1
160 320 -1
160 328 1
160 336 -1
160 344 0
168 0 1
168 8 0
168 16 0
168 24 -1
168 32 0
168 40 1
168 48 0
168 56 0
168 64 -1
168 72 0
168 80 1
168 88 -1
168 96 0
168 104 1
168 112 0
168 120 -1
168 128 0
168 136 0
168 144 0
168 152 1
168 160 0
168 168 0
168 176 -1
168 184 1
168 192 0
168 200 0
168 208 0
168 216 -1
168 224 1
168 232 -1
168 240 0
168 248 0
168 256 0
168 264 0
168 272 1
168 280 -1
168 288 0
168 296 0
168 304 0
168 312 0
168 320 0
168 328 0
168 336 1
168 344 -1
176 0 1
176 8 0
176 16 0
176 24 0
176 32 0
176 40 0
176 48 0
176 56 -1
176 64 1
176 72 -1
176 80 0
176 88 0
176 96 0
176 104 1
176 112 -1
176 120 0
176 128 0
176 136 0
176 144 0
176 152 0
176 160 0
176 168 1
176 176 0
176 184 -1
176 192 0
176 200 1
176 208 0
176 216 -1
176 224 0
176 232 1
176 240 0
176 248 0
176 256 -1
176 264 0
176 272 0
176 280 1
176 288 0
176 296 0
176 304 -1
176 312 0
176 320 0
176 328 1
176 336 -1
176 344 1
184 0 0
184 8 0
184 16 0
184 24 1
184 32 -1
184 40 0
184 48 0
184 56 0
184 64 0
184 72 0
184 80 0
184 88 0
184 96 0
184 104 1
184 112 -1
184 120 1
184 128 -1
184 136 0
184 144 0
184 152 0
184 160 0
184 168 1
184 176 -1
184 184 0
184 192 0
184 200 0
184 208 0
184 216 0
184 224 0
184 232 0
184 240 1
184 248 -1
184 256 1
184 264 0
184 272 0
184 280 -1
184 288 0
184 296 1
184 304 -1
184 312 0
184 320 0
184 328 0
184 336 1
184 344 0
192 0 1
192 8 0
192 16 0
192 24 0
192 32 0
192 40 0
192 48 0
192 56 -1
192 64 1
192 72 0
192 80 0
192 88 -1
192 96 1
192 104 0
192 112 0
192 120 -1
192 128 0
192 136 0
192 144 0
192 152 0
192 160 0
192 168 0
192 176 0
192 184 0
192 192 0
192 200 0
192 208 0
192 216 0
192 224 0
192 232 0
192 240 0
192 248 0
192 256 0
192 264 0
192 272 1
192 280 0
192 288 0
192 296 -1
192 304 0
192 312 0
192 320 0
192 328 0
192 336 0
192 344 0
200 0 1
200 8 0
200 16 0
200 24 0
200 32 0
200 40 -1
200 48 0
200 56 1
200 64 0
200 72 0
200 80 -1
200 88 1
200 96 0
200 104 0
200 112 -1
200 120 0
200 128 0
200 136 0
200 144 0
200 152 0
200 160 0
200 168 0
200 176 0
200 184 0
200 192 0
200 200 0
200 208 0
200 216 1
200 224 -1
200 232 0
200 240 0
200 248 0
200 256 0
200 264 1
200 272 0
200 280 0
200 288 -1
200 296 0
200 304 1
200 312 -1
200 320 0
200 328 1
200 336 -1
200 344 0
208 0 1
208 8 0
208 16 -1
208 24 1
208 32 0
208 40 -1
208 48 1
208 56 -1
208 64 1
208 72 0
208 80 -1
208 88 1
208 96 0
208 104 0
208 112 -1
208 120 0
208 128 0
208 136 1
208 144 -1
208 152 0
208 160 0
208 168 1
208 176 -1
208 184 1
208 192 -1
208 200 0
208 208 0
208 216 0
208 224 0
208 232 0
208 240 0
208 248 0
208 256 1
208 264 0
208 272 -1
208 280 1
208 288 -1
208 296 0
208 304 1
208 312 0
208 320 0
208 328 0
208 336 0
208 344 -1
216 0 1
216 8 0
216 16 0
216 24 0
216 32 0
216 40 0
216 48 0
216 56 0
216 64 0
216 72 -1
216 80 1
216 88 0
216 96 0
216 104 -1
216 112 0
216 120 1
216 128 -1
216 136 0
216 144 0
216 152 0
216 160 0
216 168 1
216 176 -1
216 184 0
216 192 0
216 200 0
216 208 1
216 216 -1
216 224 0
216 232 0
216 240 0
216 248 0
216 256 1
216 264 0
216 272 0
216 280 0
216 288 -1
216 296 0
216 304 0
216 312 1
216 320 0
216 328 -1
216 336 1
216 344 0
224 0 1
224 8 0
224 16 0
224 24 0
224 32 0
224 40 0
224 48 0
224 56 0
224 64 0
224 72 0
224 80 -1
224 88 1
224 96 0
224 104 -1
224 112 0
224 120 0
224 128 1
224 136 -1
224 144 0
224 152 0
224 160 0
224 168 1
224 176 -1
224 184 1
224 192 -1
224 200 0
224 208 1
224 216 -1
224 224 0
224 232 0
224 240 0
224 248 1
224 256 0
224 264 -1
224 272 1
224 280 -1
224 288 1
224 296 0
224 304 -1
224 312 1
224 320 -1
224 328 1
224 336 0
224 344 -1
232 0 0
232 8 1
232 16 -1
232 24 1
232 32 0
232 40 -1
232 48 0
232 56 0
232 64 0
232 72 1
232 80 -1
232 88 0
232 96 1
232 104 0
232 112 0
232 120 -1
232 128 0
232 136 1
232 144 -1
232 152 0
232 160 0
232 168 1
232 176 -1
232 184 0
232 192 0
232 200 0
232 208 0
232 216 0
232 224 1
232 232 -1
232 240 1
232 248 0
232 256 0
232 264 -1
232 272 1
232 280 0
232 288 0
232 296 0
232 304 0
232 312 0
232 320 -1
232 328 1
232 336 0
232 344 -1
240 0 1
240 8 0
240 16 -1
240 24 1
240 32 -1
240 40 0
240 48 0
240 56 0
240 64 0
240 72 0
240 80 0
240 88 0
240 96 0
240 104 1
240 112 0
240 120 -1
240 128 0
240 136 0
240 144 0
240 152 1
240 160 -1
240 168 1
240 176 -1
240 184 0
240 192 0
240 200 0
240 208 0
240 216 0
240 224 0
240 232 0
240 240 0
240 248 0
240 256 1
240 264 0
240 272 0
240 280 0
240 288 -1
240 296 0
240 304 0
240 312 0
240 320 0
240 328 0
240 336 0
240 344 0
248 0 1
248 8 0
248 16 0
248 24 0
248 32 -1
248 40 1
248 48 0
248 56 -1
248 64 0
248 72 0
248 80 0
248 88 0
248 96 1
248 104 -1
248 112 0
248 120 0
248 128 0
248 136 0
248 144 0
248 152 0
248 160 0
248 168 0
248 176 1
248 184 -1
248 192 0
248 200 0
248 208 1
248 216 -1
248 224 1
248 232 0
248 240 -1
248 248 0
248 256 1
248 264 -1
248 272 0
248 280 1
248 288 -1
248 296 0
248 304 0
248 312 0
248 320 0
248 328 0
248 336 0
248 344 0
256 0 1
256 8 -1
256 16 0
256 24 0
256 32 0
256 40 0
256 48 0
256 56 0
256 64 0
256 72 0
256 80 0
256 88 0
256 96 0
256 104 0
256 112 1
256 120 -1
256 128 0
256 136 0
256 144 0
256 152 0
256 160 0
256 168 0
256 176 0
256 184 0
256 192 0
256 200 0
256 208 0
256 216 0
256 224 0
256 232 0
256 240 1
256 248 -1
256 256 0
256 264 0
256 272 0
256 280 0
256 288 0
256 296 0
256 304 0
256 312 0
256 320 0
256 328 0
256 336 0
256 344 0
264 0 1
264 8 0
264 16 -1
264 24 0
264 32 1
264 40 -1
264 48 0
264 56 0
264 64 1
264 72 0
264 80 -1
264 88 0
264 96 1
264 104 -1
264 112 0
264 120 0
264 128 0
264 136 0
264 144 0
264 152 0
264 160 0
264 168 0
264 176 0
264 184 0
264 192 0
264 200 0
264 208 0
264 216 0
264 224 0
264 232 0
264 240 0
264 248 0
264 256 0
264 264 0
264 272 0
264 280 0
264 288 0
264 296 0
264 304 0
264 312 1
264 320 -1
264 328 0
264 336 0
264 344 0
272 0 1
272 8 0
272 16 0
272 24 -1
272 32 0
272 40 0
272 48 0
272 56 0
272 64 0
272 72 0
272 80 0
272 88 0
272 96 0
272 104 1
272 112 0
272 120 -1
272 128 1
272 136 -1
272 144 0
272 152 1
272 160 0
272 168 -1
272 176 0
272 184 0
272 192 0
272 200 0
272 208 0
272 216 0
272 224 1
272 232 -1
272 240 0
272 248 0
272 256 0
272 264 0
272 272 0
272 280 0
272 288 0
272 296 0
272 304 0
272 312 0
272 320 0
272 328 0
272 336 0
272 344 0
280 0 1
280 8 -1
280 16 0
280 24 0
280 32 0
280 40 0
280 48 0
280 56 0
280 64 0
280 72 0
280 80 0
280 88 0
280 96 0
280 104 0
280 112 0
280 120 0
280 128 0
280 136 0
280 144 0
280 152 0
280 160 0
280 168 0
280 176 0
280 184 0
280 192 0
280 200 0
280 208 0
280 216 0
280 224 0
280 232 0
280 240 0
280 248 0
280 256 0
280 264 0
280 272 0
280 280 0
280 288 0
280 296 0
280 304 0
280 312 0
280 320 0
280 328 0
280 336 0
280 344 0
