0 0 1 1
0 8 1 1
0 16 -1 -1
0 24 -1 0
0 32 1 1
0 40 1 -1
0 48 -1 -1
0 56 0 -1
0 64 -1 1
0 72 1 -1
0 80 0 1
0 88 -1 -1
0 96 1 -1
0 104 1 1
0 112 0 1
0 120 -1 -1
0 128 1 1
0 136 -1 -1
0 144 0 1
0 152 1 1
0 160 1 -1
0 168 1 -1
0 176 -1 1
0 184 1 1
0 192 0 -1
0 200 1 -1
0 208 -1 1
0 216 -1 0
0 224 1 -1
0 232 -1 -1
0 240 1 1
0 248 0 -1
0 256 -1 1
0 264 -1 1
0 272 -1 -1
0 280 0 -1
0 288 -1 1
0 296 0 1
0 304 0 -1
0 312 0 -1
0 320 0 -1
0 328 0 1
0 336 0 -1
0 344 1 -1
8 0 0 0
8 8 -1 1
8 16 -1 -1
8 24 1 1
8 32 1 -1
8 40 0 1
8 48 0 -1
8 56 -1 -1
8 64 1 1
8 72 0 0
8 80 1 1
8 88 0 1
8 96 1 -1
8 104 -1 0
8 112 -1 1
8 120 1 1
8 128 0 -1
8 136 0 -1
8 144 1 0
8 152 -1 1
8 160 1 -1
8 168 1 1
8 176 1 -1
8 184 0 1
8 192 -1 -1
8 200 -1 -1
8 208 1 -1
8 216 -1 -1
8 224 -1 0
8 232 1 1
8 240 -1 1
8 248 -1 -1
8 256 0 1
8 264 -1 0
8 272 1 -1
8 280 0 1
8 288 -1 -1
8 296 -1 1
8 304 -1 1
8 312 -1 -1
8 320 1 0
8 328 -1 1
8 336 -1 -1
8 344 0 0
16 0 1 1
16 8 1 -1
16 16 1 1
16 24 0 -1
16 32 -1 0
16 40 1 1
16 48 0 -1
16 56 -1 1
16 64 1 -1
16 72 -1 0
16 80 -1 1
16 88 -1 -1
16 96 0 -1
16 104 1 0
16 112 1 -1
16 120 -1 1
16 128 -1 -1
16 136 1 1
16 144 -1 1
16 152 1 -1
16 160 1 -1
16 168 1 1
16 176 0 1
16 184 1 1
16 192 -1 1
16 200 1 -1
16 208 0 -1
16 216 0 1
16 224 -1 1
16 232 1 -1
16 240 1 0
16 248 1 -1
16 256 -1 1
16 264 0 0
16 272 1 -1
16 280 0 1
16 288 -1 -1
16 296 -1 0
16 304 -1 -1
16 312 -1 1
16 320 0 1
16 328 -1 -1
16 336 -1 1
16 344 -1 -1
24 0 1 0
24 8 -1 1
24 16 -1 1
24 24 1 1
24 32 1 0
24 40 -1 -1
24 48 -1 1
24 56 -1 1
24 64 1 1
24 72 -1 -1
24 80 -1 1
24 88 0 1
24 96 1 0
24 104 1 -1
24 112 1 0
24 120 -1 1
24 128 -1 -1
24 136 -1 -1
24 144 -1 1
24 152 0 0
24 160 0 -1
24 168 -1 -1
24 176 -1 -1
24 184 0 1
24 192 1 -1
24 200 1 -1
24 208 0 -1
24 216 0 1
24 224 -1 1
24 232 1 -1
24 240 1 0
24 248 1 -1
24 256 -1 1
24 264 0 0
24 272 1 -1
24 280 0 1
24 288 0 -1
24 296 -1 0
24 304 0 1
24 312 -1 -1
24 320 1 1
24 328 1 -1
24 336 1 1
24 344 1 -1
32 0 -1 1
32 8 -1 0
32 16 1 -1
32 24 -1 1
32 32 -1 -1
32 40 1 1
32 48 1 -1
32 56 0 1
32 64 1 1
32 72 0 0
32 80 1 1
32 88 -1 -1
32 96 1 -1
32 104 1 1
32 112 0 -1
32 120 -1 -1
32 128 -1 -1
32 136 1 -1
32 144 0 -1
32 152 1 0
32 160 1 -1
32 168 -1 1
32 176 0 0
32 184 -1 -1
32 192 1 0
32 200 1 1
32 208 1 -1
32 216 -1 -1
32 224 -1 -1
32 232 -1 0
32 240 -1 1
32 248 0 -1
32 256 1 -1
32 264 0 -1
32 272 -1 1
32 280 1 1
32 288 1 1
32 296 -1 1
32 304 0 -1
32 312 1 -1
32 320 1 0
32 328 1 1
32 336 1 1
32 344 1 1
40 0 1 0
40 8 1 1
40 16 1 -1
40 24 1 -1
40 32 1 -1
40 40 1 1
40 48 1 1
40 56 1 -1
40 64 1 -1
40 72 1 1
40 80 1 1
40 88 1 -1
40 96 1 1
40 104 1 -1
40 112 0 1
40 120 1 -1
40 128 1 1
40 136 -1 -1
40 144 1 -1
40 152 -1 -1
40 160 -1 -1
40 168 -1 1
40 176 1 -1
40 184 1 1
40 192 -1 0
40 200 1 1
40 208 -1 1
40 216 1 1
40 224 1 -1
40 232 1 -1
40 240 0 -1
40 248 1 1
40 256 1 1
40 264 0 0
40 272 1 -1
40 280 1 1
40 288 1 1
40 296 1 -1
40 304 1 1
40 312 1 -1
40 320 0 -1
40 328 -1 1
40 336 1 -1
40 344 1 -1
48 0 1 0
48 8 1 -1
48 16 1 -1
48 24 1 -1
48 32 1 0
48 40 1 1
48 48 1 0
48 56 1 1
48 64 1 1
48 72 -1 0
48 80 -1 -1
48 88 1 1
48 96 1 -1
48 104 -1 -1
48 112 -1 1
48 120 1 0
48 128 0 1
48 136 -1 -1
48 144 1 -1
48 152 -1 -1
48 160 -1 -1
48 168 -1 1
48 176 1 -1
48 184 1 1
48 192 -1 0
48 200 1 1
48 208 -1 1
48 216 1 1
48 224 1 -1
48 232 1 -1
48 240 0 -1
48 248 1 1
48 256 1 1
48 264 0 0
48 272 1 -1
48 280 1 1
48 288 1 1
48 296 1 -1
48 304 1 1
48 312 1 -1
48 320 0 -1
48 328 -1 1
48 336 1 -1
48 344 1 -1
56 0 1 0
56 8 1 0
56 16 1 -1
56 24 1 -1
56 32 1 -1
56 40 1 -1
56 48 1 1
56 56 1 -1
56 64 1 1
56 72 1 -1
56 80 -1 -1
56 88 0 -1
56 96 0 1
56 104 0 -1
56 112 0 1
56 120 -1 1
56 128 0 -1
56 136 1 -1
56 144 1 1
56 152 0 -1
56 160 0 1
56 168 1 1
56 176 0 1
56 184 0 -1
56 192 -1 1
56 200 -1 -1
56 208 -1 1
56 216 -1 -1
56 224 1 1
56 232 1 -1
56 240 1 1
56 248 1 -1
56 256 1 1
56 264 1 -1
56 272 1 1
56 280 1 -1
56 288 1 1
56 296 -1 1
56 304 -1 1
56 312 0 -1
56 320 -1 -1
56 328 -1 -1
56 336 -1 1
56 344 -1 -1
64 0 1 0
64 8 1 -1
64 16 -1 1
64 24 1 -1
64 32 -1 -1
64 40 1 1
64 48 1 -1
64 56 -1 -1
64 64 1 1
64 72 1 -1
64 80 1 -1
64 88 1 1
64 96 1 1
64 104 1 -1
64 112 1 1
64 120 1 1
64 128 1 1
64 136 -1 0
64 144 0 -1
64 152 1 -1
64 160 1 0
64 168 1 1
64 176 1 0
64 184 1 -1
64 192 1 -1
64 200 1 0
64 208 1 1
64 216 0 1
64 224 1 1
64 232 0 -1
64 240 0 0
64 248 0 1
64 256 1 1
64 264 0 -1
64 272 1 1
64 280 0 -1
64 288 1 1
64 296 1 -1
64 304 -1 -1
64 312 0 1
64 320 1 0
64 328 -1 -1
64 336 -1 0
64 344 0 1
72 0 1 0
72 8 0 1
72 16 0 -1
72 24 -1 -1
72 32 -1 -1
72 40 1 1
72 48 -1 -1
72 56 -1 -1
72 64 1 1
72 72 1 -1
72 80 1 -1
72 88 1 1
72 96 1 1
72 104 1 1
72 112 0 -1
72 120 -1 0
72 128 0 -1
72 136 -1 1
72 144 -1 -1
72 152 1 -1
72 160 1 1
72 168 1 -1
72 176 1 1
72 184 1 -1
72 192 1 -1
72 200 1 1
72 208 1 -1
72 216 1 0
72 224 1 1
72 232 1 -1
72 240 -1 0
72 248 0 -1
72 256 1 1
72 264 0 0
72 272 0 1
72 280 1 1
72 288 1 1
72 296 1 -1
72 304 -1 -1
72 312 -1 -1
72 320 1 1
72 328 1 -1
72 336 -1 1
72 344 -1 -1
80 0 0 0
80 8 0 1
80 16 0 0
80 24 1 1
80 32 1 1
80 40 1 0
80 48 1 -1
80 56 -1 1
80 64 -1 0
80 72 0 -1
80 80 -1 -1
80 88 -1 1
80 96 0 -1
80 104 1 1
80 112 0 -1
80 120 1 -1
80 128 0 1
80 136 1 1
80 144 1 1
80 152 1 -1
80 160 -1 -1
80 168 -1 -1
80 176 0 1
80 184 0 -1
80 192 0 0
80 200 0 -1
80 208 0 1
80 216 -1 1
80 224 1 -1
80 232 0 -1
80 240 0 0
80 248 0 1
80 256 1 -1
80 264 0 -1
80 272 0 -1
80 280 1 1
80 288 1 1
80 296 1 -1
80 304 -1 -1
80 312 -1 -1
80 320 1 1
80 328 1 -1
80 336 -1 0
80 344 -1 -1
88 0 -1 1
88 8 0 -1
88 16 0 1
88 24 -1 -1
88 32 -1 1
88 40 1 1
88 48 1 -1
88 56 -1 1
88 64 -1 -1
88 72 -1 -1
88 80 -1 -1
88 88 -1 1
88 96 -1 1
88 104 0 1
88 112 0 -1
88 120 1 -1
88 128 0 1
88 136 1 1
88 144 1 1
88 152 1 -1
88 160 -1 -1
88 168 -1 -1
88 176 0 1
88 184 0 -1
88 192 0 0
88 200 0 -1
88 208 0 1
88 216 -1 1
88 224 1 -1
88 232 0 -1
88 240 0 0
88 248 0 1
88 256 1 1
88 264 0 -1
88 272 1 1
88 280 0 -1
88 288 1 1
88 296 0 -1
88 304 0 -1
88 312 0 1
88 320 1 0
88 328 -1 -1
88 336 -1 0
88 344 0 1
96 0 0 1
96 8 0 -1
96 16 -1 1
96 24 1 -1
96 32 1 -1
96 40 -1 1
96 48 1 -1
96 56 -1 -1
96 64 1 1
96 72 -1 0
96 80 1 -1
96 88 0 -1
96 96 1 1
96 104 1 1
96 112 1 -1
96 120 1 1
96 128 1 1
96 136 1 1
96 144 1 1
96 152 1 -1
96 160 1 0
96 168 -1 -1
96 176 1 1
96 184 1 1
96 192 1 1
96 200 1 -1
96 208 0 1
96 216 1 1
96 224 1 1
96 232 1 -1
96 240 1 -1
96 248 1 1
96 256 -1 0
96 264 1 0
96 272 1 -1
96 280 1 0
96 288 -1 1
96 296 0 -1
96 304 -1 -1
96 312 1 1
96 320 1 -1
96 328 -1 -1
96 336 -1 -1
96 344 1 -1
104 0 1 0
104 8 -1 1
104 16 1 0
104 24 -1 -1
104 32 -1 -1
104 40 -1 1
104 48 1 -1
104 56 1 1
104 64 -1 -1
104 72 -1 -1
104 80 1 -1
104 88 1 -1
104 96 0 1
104 104 1 -1
104 112 1 -1
104 120 1 -1
104 128 1 1
104 136 1 -1
104 144 0 1
104 152 -1 0
104 160 1 -1
104 168 0 -1
104 176 1 -1
104 184 1 1
104 192 1 1
104 200 1 -1
104 208 1 -1
104 216 1 -1
104 224 1 1
104 232 1 0
104 240 1 -1
104 248 1 1
104 256 1 1
104 264 1 1
104 272 1 -1
104 280 1 1
104 288 1 1
104 296 1 1
104 304 1 1
104 312 1 1
104 320 -1 1
104 328 1 -1
104 336 0 -1
104 344 1 -1
112 0 1 0
112 8 1 -1
112 16 1 -1
112 24 1 -1
112 32 1 1
112 40 1 -1
112 48 1 0
112 56 -1 -1
112 64 -1 1
112 72 1 1
112 80 1 1
112 88 1 -1
112 96 1 1
112 104 0 -1
112 112 0 -1
112 120 1 1
112 128 1 1
112 136 -1 1
112 144 -1 -1
112 152 0 -1
112 160 -1 -1
112 168 -1 1
112 176 -1 -1
112 184 1 -1
112 192 1 1
112 200 1 1
112 208 1 0
112 216 1 -1
112 224 1 0
112 232 1 -1
112 240 1 -1
112 248 1 -1
112 256 1 1
112 264 0 -1
112 272 0 -1
112 280 -1 1
112 288 -1 -1
112 296 1 -1
112 304 -1 1
112 312 0 1
112 320 0 1
112 328 1 1
112 336 0 -1
112 344 0 -1
120 0 -1 1
120 8 1 0
120 16 0 1
120 24 0 -1
120 32 1 1
120 40 1 1
120 48 1 -1
120 56 -1 1
120 64 1 1
120 72 0 0
120 80 0 -1
120 88 -1 1
120 96 -1 -1
120 104 0 -1
120 112 1 -1
120 120 1 1
120 128 -1 1
120 136 -1 0
120 144 -1 0
120 152 1 1
120 160 -1 1
120 168 -1 -1
120 176 -1 0
120 184 -1 -1
120 192 -1 1
120 200 0 -1
120 208 1 1
120 216 1 -1
120 224 1 -1
120 232 1 1
120 240 1 -1
120 248 1 1
120 256 1 0
120 264 1 -1
120 272 1 0
120 280 1 -1
120 288 1 -1
120 296 -1 1
120 304 0 1
120 312 0 1
120 320 1 1
120 328 0 -1
120 336 0 -1
120 344 -7 -2
128 0 -1 1
128 8 -1 0
128 16 1 -1
128 24 1 0
128 32 1 -1
128 40 0 1
128 48 1 1
128 56 1 -1
128 64 1 -1
128 72 -1 -1
128 80 -1 1
128 88 1 -1
128 96 1 -1
128 104 1 -1
128 112 -1 1
128 120 -1 -1
128 128 -1 -1
128 136 1 0
128 144 1 -1
128 152 1 -1
128 160 1 0
128 168 -1 1
128 176 0 -1
128 184 0 1
128 192 -1 -1
128 200 -1 1
128 208 -1 1
128 216 -1 -1
128 224 -1 1
128 232 -1 -1
128 240 1 -1
128 248 1 1
128 256 1 1
128 264 -1 -1
128 272 -1 -1
128 280 -1 1
128 288 -1 -1
128 296 1 -1
128 304 0 -1
128 312 0 -1
128 320 0 1
128 328 -1 0
128 336 1 -1
128 344 0 -1
136 0 1 1
136 8 -1 -1
136 16 -1 -1
136 24 -1 1
136 32 1 -1
136 40 1 1
136 48 1 1
136 56 1 -1
136 64 -1 -1
136 72 -1 -1
136 80 1 1
136 88 0 0
136 96 1 -1
136 104 0 1
136 112 0 1
136 120 1 -1
136 128 -1 -1
136 136 1 1
136 144 0 -1
136 152 1 1
136 160 0 -1
136 168 0 1
136 176 1 0
136 184 -1 -1
136 192 -1 -1
136 200 -1 1
136 208 -1 1
136 216 1 1
136 224 0 -1
136 232 0 1
136 240 -1 -1
136 248 1 -1
136 256 -1 -1
136 264 1 -1
136 272 1 1
136 280 0 -1
136 288 -1 1
136 296 -1 -1
136 304 1 1
136 312 1 1
136 320 1 -1
136 328 1 -1
136 336 0 -1
136 344 1 -1
144 0 -1 0
144 8 -1 0
144 16 -1 -1
144 24 -1 1
144 32 -1 1
144 40 1 1
144 48 1 -1
144 56 1 1
144 64 1 -1
144 72 -1 0
144 80 0 1
144 88 -1 -1
144 96 -1 -1
144 104 -1 1
144 112 -1 0
144 120 1 1
144 128 -1 0
144 136 -1 -1
144 144 -1 -1
144 152 1 0
144 160 1 1
144 168 1 1
144 176 -1 0
144 184 0 -1
144 192 -1 1
144 200 -1 1
144 208 1 1
144 216 1 1
144 224 1 -1
144 232 -1 -1
144 240 -1 -1
144 248 1 -1
144 256 -1 -1
144 264 1 1
144 272 1 1
144 280 -1 1
144 288 -1 -1
144 296 1 1
144 304 1 -1
144 312 1 1
144 320 1 0
144 328 0 -1
144 336 1 -1
144 344 0 -1
152 0 1 1
152 8 1 -1
152 16 1 1
152 24 1 -1
152 32 1 -1
152 40 1 -1
152 48 -1 1
152 56 -1 -1
152 64 -1 -1
152 72 -1 -1
152 80 -1 1
152 88 1 1
152 96 1 -1
152 104 1 -1
152 112 1 1
152 120 1 -1
152 128 1 -1
152 136 1 1
152 144 -1 0
152 152 0 -1
152 160 -1 -1
152 168 -1 -1
152 176 -1 1
152 184 -1 1
152 192 1 -1
152 200 -1 1
152 208 -1 1
152 216 1 -1
152 224 1 -1
152 232 1 -1
152 240 1 -1
152 248 1 -1
152 256 1 -1
152 264 1 -1
152 272 1 -1
152 280 1 1
152 288 1 0
152 296 1 1
152 304 1 1
152 312 -1 -1
152 320 -1 1
152 328 -1 -1
152 336 -1 1
152 344 1 -1
160 0 1 1
160 8 1 -1
160 16 1 1
160 24 1 1
160 32 0 -1
160 40 1 -1
160 48 -1 1
160 56 -1 -1
160 64 -1 0
160 72 1 -1
160 80 1 1
160 88 -1 -1
160 96 1 -1
160 104 -1 -1
160 112 0 1
160 120 1 -1
160 128 1 1
160 136 -1 -1
160 144 -1 -1
160 152 -1 -1
160 160 -1 -1
160 168 -1 1
160 176 -1 1
160 184 -1 1
160 192 -1 -1
160 200 -1 1
160 208 -1 1
160 216 1 -1
160 224 1 1
160 232 1 -1
160 240 1 -1
160 248 1 1
160 256 1 -1
160 264 1 -1
160 272 1 1
160 280 1 1
160 288 1 1
160 296 1 1
160 304 -1 -1
160 312 -1 1
160 320 -1 -1
160 328 -1 1
160 336 1 -1
160 344 1 -1
168 0 1 1
168 8 1 -1
168 16 1 -1
168 24 1 1
168 32 1 -1
168 40 -1 -1
168 48 -1 -1
168 56 -1 1
168 64 1 -1
168 72 -1 1
168 80 1 1
168 88 -1 1
168 96 -1 -1
168 104 1 1
168 112 1 1
168 120 1 -1
168 128 -1 -1
168 136 -1 -1
168 144 -1 -1
168 152 -1 -1
168 160 -1 -1
168 168 -1 1
168 176 -1 1
168 184 -1 1
168 192 -1 1
168 200 1 -1
168 208 -1 1
168 216 -1 1
168 224 1 1
168 232 1 -1
168 240 1 1
168 248 1 -1
168 256 1 -1
168 264 1 -1
168 272 1 0
168 280 1 1
168 288 1 1
168 296 -1 -1
168 304 -1 -1
168 312 -1 1
168 320 -1 -1
168 328 -1 1
168 336 -1 -1
168 344 1 0
176 0 -1 1
176 8 -1 -1
176 16 1 -1
176 24 1 1
176 32 1 -1
176 40 1 -1
176 48 1 -1
176 56 1 0
176 64 1 1
176 72 1 1
176 80 1 -1
176 88 1 -1
176 96 1 1
176 104 0 -1
176 112 -1 1
176 120 -1 -1
176 128 1 0
176 136 1 -1
176 144 1 -1
176 152 1 -1
176 160 1 -1
176 168 1 1
176 176 0 1
176 184 0 1
176 192 1 -1
176 200 0 1
176 208 0 1
176 216 0 -1
176 224 -1 1
176 232 1 1
176 240 -1 1
176 248 -1 0
176 256 -1 1
176 264 -1 1
176 272 1 0
176 280 1 -1
176 288 1 1
176 296 1 1
176 304 1 -1
176 312 1 1
176 320 0 0
176 328 0 1
176 336 1 -1
176 344 -17 -2
184 0 -1 1
184 8 -1 1
184 16 -1 -1
184 24 1 1
184 32 1 -1
184 40 1 -1
184 48 0 1
184 56 0 -1
184 64 1 1
184 72 -1 -1
184 80 1 1
184 88 0 -1
184 96 -1 -1
184 104 1 0
184 112 1 1
184 120 1 1
184 128 1 -1
184 136 0 -1
184 144 0 -1
184 152 0 -1
184 160 -1 0
184 168 1 1
184 176 1 -1
184 184 0 1
184 192 1 -1
184 200 0 1
184 208 0 1
184 216 0 -1
184 224 -1 1
184 232 1 1
184 240 1 1
184 248 1 -1
184 256 1 -1
184 264 -1 0
184 272 0 -1
184 280 -1 1
184 288 1 -1
184 296 1 -1
184 304 1 -1
184 312 1 -1
184 320 0 1
184 328 -1 -1
184 336 -1 1
184 344 0 -1
192 0 -1 1
192 8 -1 1
192 16 -1 1
192 24 -1 1
192 32 -1 -1
192 40 1 -1
192 48 1 1
192 56 1 1
192 64 -1 -1
192 72 -1 1
192 80 1 0
192 88 0 0
192 96 1 1
192 104 0 1
192 112 -1 1
192 120 -1 -1
192 128 0 1
192 136 0 -1
192 144 0 -1
192 152 0 -1
192 160 -1 0
192 168 1 0
192 176 1 1
192 184 1 -1
192 192 0 0
192 200 0 1
192 208 0 -1
192 216 -1 1
192 224 -1 -1
192 232 -1 1
192 240 1 -1
192 248 1 -1
192 256 1 -1
192 264 1 -1
192 272 1 -1
192 280 1 -1
192 288 -1 1
192 296 -1 0
192 304 1 -1
192 312 0 1
192 320 0 1
192 328 -1 1
192 336 1 -1
192 344 0 -1
200 0 0 1
200 8 -1 1
200 16 -1 1
200 24 -1 1
200 32 -1 -1
200 40 0 1
200 48 0 -1
200 56 -1 0
200 64 -1 -1
200 72 0 -1
200 80 1 1
200 88 -1 1
200 96 1 -1
200 104 -1 1
200 112 -1 0
200 120 -1 -1
200 128 -1 0
200 136 -1 -1
200 144 -1 -1
200 152 -1 -1
200 160 -1 -1
200 168 0 1
200 176 1 -1
200 184 1 1
200 192 1 -1
200 200 0 1
200 208 0 0
200 216 0 -1
200 224 -1 1
200 232 1 1
200 240 1 -1
200 248 1 -1
200 256 1 -1
200 264 1 0
200 272 1 -1
200 280 1 -1
200 288 1 -1
200 296 -1 1
200 304 1 0
200 312 1 -1
200 320 1 0
200 328 0 -1
200 336 1 1
200 344 0 -1
208 0 -1 0
208 8 -1 1
208 16 -1 1
208 24 -1 1
208 32 1 1
208 40 0 -1
208 48 -1 -1
208 56 -1 1
208 64 -1 -1
208 72 1 -1
208 80 0 1
208 88 1 -1
208 96 1 1
208 104 -1 1
208 112 0 -1
208 120 0 0
208 128 0 -1
208 136 0 -1
208 144 1 0
208 152 0 -1
208 160 0 -1
208 168 0 1
208 176 0 0
208 184 1 -1
208 192 0 1
208 200 1 -1
208 208 0 -1
208 216 -1 1
208 224 0 -1
208 232 1 1
208 240 1 0
208 248 1 -1
208 256 -1 1
208 264 1 -1
208 272 1 -1
208 280 1 -1
208 288 1 -1
208 296 -1 -1
208 304 0 1
208 312 1 0
208 320 -1 -1
208 328 -1 -1
208 336 -1 1
208 344 0 -1
216 0 1 1
216 8 1 -1
216 16 -1 1
216 24 -1 1
216 32 -1 1
216 40 0 -1
216 48 -1 -1
216 56 -1 -1
216 64 -1 -1
216 72 -1 -1
216 80 1 -1
216 88 1 0
216 96 -1 1
216 104 0 -1
216 112 -1 -1
216 120 -1 -1
216 128 -1 1
216 136 -1 -1
216 144 -1 1
216 152 -1 -1
216 160 -1 1
216 168 0 1
216 176 0 1
216 184 1 -1
216 192 0 1
216 200 1 -1
216 208 0 -1
216 216 -1 1
216 224 0 -1
216 232 1 1
216 240 1 1
216 248 1 -1
216 256 -1 1
216 264 1 -1
216 272 1 -1
216 280 1 -1
216 288 1 -1
216 296 -1 -1
216 304 0 1
216 312 1 0
216 320 -1 -1
216 328 -1 -1
216 336 -1 1
216 344 0 -1
224 0 1 1
224 8 -1 -1
224 16 -1 1
224 24 0 1
224 32 0 -1
224 40 0 -1
224 48 1 -1
224 56 -1 -1
224 64 1 -1
224 72 1 -1
224 80 -1 -1
224 88 -1 0
224 96 -1 -1
224 104 -1 -1
224 112 1 -1
224 120 0 1
224 128 1 -1
224 136 1 -1
224 144 1 1
224 152 1 -1
224 160 1 1
224 168 1 1
224 176 1 -1
224 184 -1 0
224 192 1 -1
224 200 1 -1
224 208 1 -1
224 216 1 1
224 224 1 -1
224 232 1 1
224 240 1 -1
224 248 1 1
224 256 1 1
224 264 0 1
224 272 0 0
224 280 1 -1
224 288 -1 -1
224 296 -1 -1
224 304 0 1
224 312 -1 -1
224 320 -1 -1
224 328 1 -1
224 336 1 1
224 344 -1 1
232 0 0 1
232 8 -1 -1
232 16 1 1
232 24 1 1
232 32 -1 -1
232 40 -1 1
232 48 -1 -1
232 56 -1 -1
232 64 -1 1
232 72 0 -1
232 80 1 0
232 88 1 0
232 96 1 -1
232 104 1 -1
232 112 0 1
232 120 -1 1
232 128 0 -1
232 136 1 -1
232 144 1 0
232 152 -1 1
232 160 1 1
232 168 -1 -1
232 176 1 1
232 184 1 1
232 192 0 -1
232 200 1 1
232 208 1 1
232 216 1 1
232 224 0 1
232 232 1 1
232 240 1 0
232 248 0 1
232 256 -1 1
232 264 1 -1
232 272 1 -1
232 280 1 1
232 288 1 -1
232 296 -1 0
232 304 -1 1
232 312 1 1
232 320 0 1
232 328 -1 -1
232 336 -1 1
232 344 -7 -8
240 0 -1 1
240 8 1 1
240 16 1 1
240 24 1 1
240 32 1 -1
240 40 1 -1
240 48 1 -1
240 56 0 1
240 64 -1 1
240 72 -1 -1
240 80 -1 1
240 88 -1 -1
240 96 1 -1
240 104 1 -1
240 112 1 -1
240 120 1 -1
240 128 1 0
240 136 1 1
240 144 1 1
240 152 1 1
240 160 1 -1
240 168 1 0
240 176 1 1
240 184 1 1
240 192 1 1
240 200 1 -1
240 208 1 -1
240 216 1 0
240 224 1 1
240 232 -1 1
240 240 0 -1
240 248 -1 0
240 256 1 -1
240 264 1 1
240 272 1 -1
240 280 1 -1
240 288 -1 1
240 296 -1 0
240 304 -1 1
240 312 -1 1
240 320 -1 -1
240 328 -1 1
240 336 -1 -1
240 344 -13 -2
248 0 1 1
248 8 -1 1
248 16 0 1
248 24 -1 1
248 32 0 -1
248 40 -1 -1
248 48 -1 -1
248 56 -1 -1
248 64 -1 1
248 72 -1 -1
248 80 -1 -1
248 88 -1 -1
248 96 -1 -1
248 104 1 -1
248 112 1 -1
248 120 1 -1
248 128 1 -1
248 136 1 0
248 144 1 -1
248 152 1 1
248 160 0 1
248 168 0 -1
248 176 1 1
248 184 1 1
248 192 1 -1
248 200 1 1
248 208 1 -1
248 216 1 1
248 224 1 -1
248 232 1 1
248 240 1 1
248 248 1 -1
248 256 -1 -1
248 264 1 -1
248 272 1 -1
248 280 1 -1
248 288 -1 -1
248 296 -1 -1
248 304 1 0
248 312 -1 -1
248 320 -1 1
248 328 -1 -1
248 336 -1 1
248 344 0 1
256 0 -1 0
256 8 -1 1
256 16 -1 1
256 24 -1 -1
256 32 -1 1
256 40 -1 -1
256 48 -1 -1
256 56 1 1
256 64 1 1
256 72 1 1
256 80 1 1
256 88 1 1
256 96 -1 0
256 104 1 -1
256 112 0 -1
256 120 1 -1
256 128 0 1
256 136 0 1
256 144 0 -1
256 152 0 -1
256 160 0 1
256 168 1 -1
256 176 1 1
256 184 1 1
256 192 1 -1
256 200 0 -1
256 208 -1 1
256 216 -1 -1
256 224 1 1
256 232 0 1
256 240 -1 1
256 248 -1 1
256 256 -1 1
256 264 1 -1
256 272 1 -1
256 280 -1 1
256 288 1 -1
256 296 -1 1
256 304 1 -1
256 312 -1 -1
256 320 -1 -1
256 328 -1 1
256 336 -1 -1
256 344 3 -3
264 0 1 1
264 8 -1 1
264 16 1 0
264 24 -1 1
264 32 0 0
264 40 1 1
264 48 1 1
264 56 -1 1
264 64 -1 -1
264 72 -1 -1
264 80 -1 1
264 88 -1 -1
264 96 -1 -1
264 104 -1 0
264 112 -1 -1
264 120 -1 -1
264 128 0 1
264 136 -1 0
264 144 -1 -1
264 152 0 1
264 160 0 -1
264 168 1 -1
264 176 1 1
264 184 1 1
264 192 1 0
264 200 -1 -1
264 208 -1 1
264 216 0 -1
264 224 1 1
264 232 -1 1
264 240 -1 -1
264 248 -1 1
264 256 1 1
264 264 1 -1
264 272 -1 -1
264 280 1 1
264 288 0 -1
264 296 1 -1
264 304 1 1
264 312 -1 1
264 320 -1 -1
264 328 -1 1
264 336 -1 -1
264 344 9 -2
272 0 1 0
272 8 1 1
272 16 0 1
272 24 1 1
272 32 0 1
272 40 1 1
272 48 1 1
272 56 1 0
272 64 0 -1
272 72 -1 -1
272 80 -1 -1
272 88 1 1
272 96 1 -1
272 104 1 -1
272 112 0 -1
272 120 -1 -1
272 128 -1 1
272 136 0 1
272 144 0 -1
272 152 -1 1
272 160 1 1
272 168 0 -1
272 176 0 0
272 184 0 -1
272 192 0 -1
272 200 -1 1
272 208 0 -1
272 216 1 -1
272 224 -1 1
272 232 1 -1
272 240 -1 1
272 248 -1 -1
272 256 0 -1
272 264 0 1
272 272 -1 -1
272 280 -1 0
272 288 -1 -1
272 296 -1 1
272 304 -1 1
272 312 -1 1
272 320 -1 -1
272 328 -1 1
272 336 -1 -1
272 344 -1 1
280 0 0 0
280 8 0 1
280 16 0 1
280 24 0 1
280 32 0 1
280 40 0 -1
280 48 0 1
280 56 -1 -1
280 64 -1 -1
280 72 -1 -1
280 80 -1 -1
280 88 -1 1
280 96 -1 -1
280 104 1 -1
280 112 0 -1
280 120 -1 0
280 128 -1 -1
280 136 -1 0
280 144 -1 1
280 152 -1 1
280 160 1 -1
280 168 -1 1
280 176 -1 1
280 184 -1 -1
280 192 -1 0
280 200 -1 1
280 208 -1 -1
280 216 -1 1
280 224 -1 1
280 232 -1 1
280 240 -1 1
280 248 -1 -1
280 256 -1 -1
280 264 0 0
280 272 0 1
280 280 1 -1
280 288 0 1
280 296 1 1
280 304 1 -1
280 312 -1 1
280 320 -1 -1
280 328 -1 1
280 336 -1 1
280 344 22 -4
