0 0 0 0
0 8 0 -1
0 16 0 1
0 24 0 0
0 32 0 -1
0 40 0 1
0 48 0 -1
0 56 0 1
0 64 0 0
0 72 0 0
0 80 0 1
0 88 0 -1
0 96 0 -1
0 104 0 1
0 112 1 0
0 120 -1 0
0 128 0 0
0 136 0 1
0 144 1 -1
0 152 0 0
0 160 0 0
0 168 1 0
0 176 -1 -1
0 184 -1 -1
0 192 0 1
0 200 0 1
0 208 0 0
0 216 0 1
0 224 0 1
0 232 0 -1
0 240 0 -1
0 248 0 0
0 256 0 0
0 264 0 0
0 272 0 0
0 280 0 0
0 288 0 -1
0 296 1 1
0 304 -1 0
0 312 0 0
0 320 0 0
0 328 0 0
0 336 0 -1
0 344 0 1
8 0 0 0
8 8 0 -1
8 16 0 0
8 24 0 1
8 32 0 -1
8 40 0 -1
8 48 0 1
8 56 0 1
8 64 0 -1
8 72 0 1
8 80 0 0
8 88 0 -1
8 96 0 1
8 104 0 1
8 112 1 -1
8 120 -1 1
8 128 0 1
8 136 0 -1
8 144 -1 -1
8 152 1 0
8 160 0 0
8 168 0 -1
8 176 -1 1
8 184 1 -1
8 192 0 1
8 200 0 -1
8 208 0 1
8 216 0 0
8 224 0 0
8 232 0 0
8 240 0 0
8 248 0 0
8 256 0 0
8 264 0 0
8 272 -1 0
8 280 1 0
8 288 0 1
8 296 -1 0
8 304 1 -1
8 312 0 1
8 320 0 -1
8 328 0 0
8 336 0 -1
8 344 1 1
16 0 0 0
16 8 1 0
16 16 -1 0
16 24 0 0
16 32 0 1
16 40 0 0
16 48 0 0
16 56 0 -1
16 64 0 -1
16 72 0 -1
16 80 0 -1
16 88 0 1
16 96 -1 1
16 104 1 1
16 112 1 -1
16 120 -1 1
16 128 -1 -1
16 136 1 1
16 144 1 -1
16 152 -1 1
16 160 1 0
16 168 -1 0
16 176 1 1
16 184 1 -1
16 192 -1 0
16 200 -1 0
16 208 0 0
16 216 0 0
16 224 0 0
16 232 0 0
16 240 0 0
16 248 0 0
16 256 0 0
16 264 0 -1
16 272 0 0
16 280 0 1
16 288 0 0
16 296 0 0
16 304 0 -1
16 312 0 1
16 320 0 -1
16 328 0 1
16 336 1 -1
16 344 -1 1
24 0 0 0
24 8 1 0
24 16 -1 -1
24 24 1 1
24 32 0 0
24 40 -1 0
24 48 0 1
24 56 0 -1
24 64 0 -1
24 72 0 1
24 80 0 0
24 88 0 0
24 96 0 0
24 104 0 0
24 112 0 0
24 120 -1 0
24 128 1 0
24 136 0 -1
24 144 0 1
24 152 0 0
24 160 0 0
24 168 0 1
24 176 0 -1
24 184 -1 -1
24 192 1 1
24 200 0 0
24 208 0 1
24 216 0 -1
24 224 0 0
24 232 0 0
24 240 0 0
24 248 0 0
24 256 0 0
24 264 0 1
24 272 0 0
24 280 0 -1
24 288 0 0
24 296 0 0
24 304 0 0
24 312 0 0
24 320 1 0
24 328 1 0
24 336 -1 0
24 344 -1 0
32 0 1 0
32 8 1 0
32 16 -1 0
32 24 -1 0
32 32 -1 1
32 40 1 -1
32 48 0 1
32 56 0 -1
32 64 0 0
32 72 0 -1
32 80 0 1
32 88 0 0
32 96 0 0
32 104 -1 0
32 112 1 -1
32 120 -1 -1
32 128 1 1
32 136 0 1
32 144 0 0
32 152 0 0
32 160 0 0
32 168 0 0
32 176 0 0
32 184 0 0
32 192 0 0
32 200 0 0
32 208 1 0
32 216 -1 0
32 224 -1 0
32 232 1 0
32 240 1 0
32 248 -1 0
32 256 0 0
32 264 0 -1
32 272 -1 -1
32 280 1 1
32 288 0 -1
32 296 0 1
32 304 0 0
32 312 -1 0
32 320 1 1
32 328 0 0
32 336 0 0
32 344 1 0
40 0 0 0
40 8 1 0
40 16 0 -1
40 24 0 1
40 32 1 0
40 40 -1 0
40 48 -1 0
40 56 0 1
40 64 1 -1
40 72 -1 0
40 80 0 0
40 88 0 0
40 96 0 0
40 104 0 0
40 112 0 0
40 120 0 0
40 128 0 0
40 136 0 0
40 144 -1 0
40 152 1 0
40 160 0 0
40 168 0 0
40 176 0 0
40 184 0 0
40 192 0 0
40 200 0 0
40 208 0 0
40 216 0 0
40 224 0 0
40 232 0 -1
40 240 0 1
40 248 0 -1
40 256 0 1
40 264 0 0
40 272 0 1
40 280 1 1
40 288 -1 -1
40 296 0 -1
40 304 0 0
40 312 0 0
40 320 0 0
40 328 0 -1
40 336 0 1
40 344 0 0
48 0 0 0
48 8 0 0
48 16 1 0
48 24 -1 0
48 32 1 0
48 40 1 0
48 48 -1 -1
48 56 -1 1
48 64 0 0
48 72 0 0
48 80 1 0
48 88 0 0
48 96 -1 0
48 104 0 0
48 112 -1 0
48 120 1 1
48 128 -1 0
48 136 0 -1
48 144 1 0
48 152 0 0
48 160 0 0
48 168 0 0
48 176 0 0
48 184 0 0
48 192 0 0
48 200 0 0
48 208 0 0
48 216 0 0
48 224 0 0
48 232 0 0
48 240 0 0
48 248 0 0
48 256 0 0
48 264 0 0
48 272 0 0
48 280 0 0
48 288 1 0
48 296 -1 0
48 304 0 0
48 312 0 0
48 320 0 0
48 328 1 0
48 336 -1 0
48 344 0 0
56 0 0 0
56 8 0 0
56 16 -1 -1
56 24 1 -1
56 32 1 1
56 40 -1 1
56 48 0 0
56 56 1 1
56 64 -1 -1
56 72 -1 -1
56 80 1 1
56 88 0 0
56 96 -1 0
56 104 1 0
56 112 0 0
56 120 0 0
56 128 0 0
56 136 0 0
56 144 0 0
56 152 0 0
56 160 0 0
56 168 0 0
56 176 0 0
56 184 0 0
56 192 0 0
56 200 0 0
56 208 0 0
56 216 0 0
56 224 0 0
56 232 0 0
56 240 0 0
56 248 0 0
56 256 0 0
56 264 0 0
56 272 0 0
56 280 0 0
56 288 0 0
56 296 0 1
56 304 0 -1
56 312 0 0
56 320 0 0
56 328 0 -1
56 336 0 0
56 344 0 1
64 0 0 0
64 8 1 -1
64 16 -1 1
64 24 1 -1
64 32 0 1
64 40 -1 0
64 48 0 0
64 56 0 1
64 64 0 -1
64 72 0 0
64 80 0 -1
64 88 0 1
64 96 -1 0
64 104 1 0
64 112 -1 0
64 120 0 1
64 128 0 -1
64 136 1 0
64 144 0 0
64 152 0 0
64 160 0 0
64 168 0 0
64 176 0 0
64 184 0 0
64 192 0 0
64 200 0 0
64 208 0 0
64 216 0 0
64 224 0 0
64 232 0 0
64 240 0 0
64 248 0 0
64 256 0 0
64 264 0 0
64 272 0 0
64 280 0 0
64 288 0 0
64 296 0 0
64 304 0 1
64 312 0 -1
64 320 -1 0
64 328 -1 0
64 336 1 0
64 344 0 0
72 0 0 0
72 8 1 1
72 16 1 -1
72 24 -1 0
72 32 -1 0
72 40 0 0
72 48 0 0
72 56 0 0
72 64 0 0
72 72 0 0
72 80 0 -1
72 88 0 1
72 96 1 0
72 104 -1 0
72 112 1 0
72 120 -1 0
72 128 0 0
72 136 0 0
72 144 0 0
72 152 0 0
72 160 0 0
72 168 0 0
72 176 0 0
72 184 0 0
72 192 0 0
72 200 0 0
72 208 0 0
72 216 0 0
72 224 0 0
72 232 0 0
72 240 0 0
72 248 0 0
72 256 0 0
72 264 0 0
72 272 0 0
72 280 0 0
72 288 0 0
72 296 1 -1
72 304 -1 1
72 312 1 0
72 320 -1 0
72 328 0 1
72 336 0 -1
72 344 0 0
80 0 1 1
80 8 -1 -1
80 16 1 1
80 24 1 -1
80 32 -1 1
80 40 0 1
80 48 -1 -1
80 56 -1 0
80 64 1 -1
80 72 0 0
80 80 0 0
80 88 1 -1
80 96 -1 1
80 104 0 0
80 112 0 1
80 120 0 -1
80 128 0 0
80 136 0 0
80 144 0 0
80 152 0 0
80 160 0 0
80 168 0 0
80 176 0 0
80 184 0 0
80 192 0 0
80 200 0 0
80 208 0 0
80 216 0 0
80 224 0 0
80 232 0 0
80 240 0 0
80 248 0 0
80 256 0 0
80 264 0 0
80 272 0 0
80 280 0 0
80 288 0 0
80 296 0 1
80 304 0 -1
80 312 0 0
80 320 1 0
80 328 1 0
80 336 -1 0
80 344 -1 0
88 0 0 0
88 8 -1 0
88 16 -1 0
88 24 1 -1
88 32 1 1
88 40 1 0
88 48 -1 -1
88 56 -1 -1
88 64 1 0
88 72 -1 1
88 80 1 0
88 88 0 0
88 96 1 1
88 104 -1 0
88 112 1 0
88 120 -1 0
88 128 0 0
88 136 0 0
88 144 0 0
88 152 0 0
88 160 0 0
88 168 0 0
88 176 0 0
88 184 0 -1
88 192 0 1
88 200 0 0
88 208 0 0
88 216 0 0
88 224 0 1
88 232 0 -1
88 240 1 1
88 248 -1 -1
88 256 -1 -1
88 264 0 1
88 272 1 0
88 280 0 0
88 288 0 -1
88 296 0 0
88 304 1 1
88 312 -1 0
88 320 0 0
88 328 0 -1
88 336 0 1
88 344 -1 0
96 0 0 0
96 8 -1 -1
96 16 -1 1
96 24 1 -1
96 32 1 1
96 40 0 0
96 48 0 1
96 56 0 0
96 64 0 -1
96 72 0 0
96 80 0 0
96 88 0 0
96 96 -1 0
96 104 1 0
96 112 0 -1
96 120 0 1
96 128 0 0
96 136 0 0
96 144 0 0
96 152 0 0
96 160 0 0
96 168 0 0
96 176 0 0
96 184 0 0
96 192 0 0
96 200 0 0
96 208 0 0
96 216 0 0
96 224 0 0
96 232 0 0
96 240 1 1
96 248 1 0
96 256 1 -1
96 264 -1 -1
96 272 0 -1
96 280 1 -1
96 288 1 1
96 296 -1 1
96 304 0 1
96 312 -1 0
96 320 -1 0
96 328 -1 0
96 336 1 1
96 344 0 -1
104 0 -1 0
104 8 1 -1
104 16 -1 -1
104 24 0 1
104 32 1 1
104 40 1 0
104 48 -1 1
104 56 0 0
104 64 0 -1
104 72 0 0
104 80 0 0
104 88 1 -1
104 96 -1 1
104 104 1 0
104 112 -1 -1
104 120 -1 0
104 128 1 1
104 136 0 0
104 144 0 0
104 152 0 0
104 160 0 0
104 168 0 0
104 176 0 0
104 184 0 0
104 192 0 0
104 200 0 0
104 208 0 0
104 216 0 0
104 224 0 0
104 232 0 1
104 240 0 1
104 248 0 -1
104 256 -1 -1
104 264 1 -1
104 272 0 1
104 280 0 0
104 288 0 -1
104 296 -1 1
104 304 1 -1
104 312 -1 1
104 320 0 0
104 328 1 -1
104 336 0 1
104 344 -1 0
112 0 1 0
112 8 0 0
112 16 -1 0
112 24 0 0
112 32 0 0
112 40 1 0
112 48 -1 1
112 56 1 -1
112 64 -1 -1
112 72 0 1
112 80 1 0
112 88 -1 0
112 96 1 0
112 104 0 0
112 112 -1 0
112 120 0 0
112 128 0 0
112 136 0 0
112 144 0 0
112 152 0 0
112 160 0 0
112 168 0 0
112 176 0 0
112 184 0 0
112 192 0 0
112 200 0 0
112 208 0 0
112 216 0 0
112 224 0 0
112 232 -1 0
112 240 -1 1
112 248 1 -1
112 256 1 -1
112 264 0 0
112 272 -1 1
112 280 1 0
112 288 0 -1
112 296 0 1
112 304 -1 1
112 312 1 -1
112 320 -1 0
112 328 0 0
112 336 1 0
112 344 -1 0
120 0 0 1
120 8 0 -1
120 16 0 1
120 24 0 0
120 32 0 -1
120 40 0 0
120 48 0 0
120 56 0 -1
120 64 0 0
120 72 0 1
120 80 0 0
120 88 0 -1
120 96 -1 1
120 104 0 0
120 112 -1 0
120 120 1 0
120 128 1 0
120 136 0 0
120 144 0 0
120 152 0 0
120 160 0 0
120 168 1 0
120 176 -1 0
120 184 0 0
120 192 0 0
120 200 0 0
120 208 0 0
120 216 0 0
120 224 0 0
120 232 0 0
120 240 0 1
120 248 -1 -1
120 256 1 -1
120 264 0 -1
120 272 -1 1
120 280 -1 1
120 288 -1 0
120 296 1 0
120 304 1 0
120 312 0 0
120 320 1 0
120 328 1 0
120 336 1 1
120 344 -1 -1
128 0 0 1
128 8 0 0
128 16 0 -1
128 24 0 0
128 32 0 0
128 40 0 0
128 48 0 1
128 56 0 -1
128 64 0 -1
128 72 0 1
128 80 0 0
128 88 0 -1
128 96 0 1
128 104 0 0
128 112 1 0
128 120 -1 0
128 128 1 0
128 136 -1 0
128 144 0 0
128 152 0 0
128 160 0 0
128 168 -1 0
128 176 1 0
128 184 0 0
128 192 -1 0
128 200 1 0
128 208 0 0
128 216 0 0
128 224 0 0
128 232 0 0
128 240 0 1
128 248 -1 -1
128 256 -1 1
128 264 0 1
128 272 -1 -1
128 280 1 -1
128 288 0 1
128 296 0 1
128 304 -1 -1
128 312 0 0
128 320 1 -1
128 328 1 0
128 336 -1 -1
128 344 1 1
136 0 0 1
136 8 0 0
136 16 0 0
136 24 0 -1
136 32 0 0
136 40 0 0
136 48 0 0
136 56 0 -1
136 64 0 1
136 72 0 0
136 80 0 1
136 88 0 -1
136 96 0 -1
136 104 0 1
136 112 0 0
136 120 1 -1
136 128 0 1
136 136 -1 0
136 144 0 0
136 152 0 0
136 160 0 0
136 168 0 0
136 176 0 0
136 184 0 0
136 192 0 0
136 200 0 0
136 208 0 0
136 216 0 0
136 224 0 0
136 232 0 0
136 240 0 0
136 248 0 0
136 256 0 1
136 264 0 -1
136 272 0 -1
136 280 0 0
136 288 0 -1
136 296 0 1
136 304 0 1
136 312 0 0
136 320 0 0
136 328 -1 0
136 336 1 0
136 344 -1 0
144 0 0 0
144 8 0 0
144 16 0 0
144 24 0 -1
144 32 0 1
144 40 0 0
144 48 0 0
144 56 0 0
144 64 0 0
144 72 0 0
144 80 0 0
144 88 0 0
144 96 0 -1
144 104 0 1
144 112 0 1
144 120 -1 -1
144 128 1 0
144 136 0 0
144 144 0 0
144 152 -1 0
144 160 1 0
144 168 0 0
144 176 0 0
144 184 0 0
144 192 0 0
144 200 0 0
144 208 0 0
144 216 1 1
144 224 -1 -1
144 232 0 0
144 240 0 0
144 248 0 0
144 256 0 0
144 264 0 0
144 272 0 0
144 280 0 0
144 288 0 0
144 296 0 0
144 304 0 0
144 312 0 0
144 320 0 0
144 328 0 0
144 336 0 0
144 344 1 0
152 0 0 0
152 8 0 0
152 16 0 0
152 24 0 0
152 32 0 0
152 40 0 -1
152 48 0 1
152 56 0 0
152 64 0 0
152 72 0 0
152 80 0 1
152 88 0 -1
152 96 0 0
152 104 1 0
152 112 0 0
152 120 -1 0
152 128 -1 0
152 136 1 0
152 144 0 0
152 152 0 0
152 160 0 0
152 168 0 0
152 176 0 0
152 184 0 0
152 192 0 0
152 200 0 0
152 208 0 0
152 216 0 0
152 224 1 0
152 232 -1 0
152 240 0 0
152 248 1 1
152 256 -1 -1
152 264 0 -1
152 272 0 -1
152 280 0 1
152 288 0 1
152 296 0 0
152 304 0 -1
152 312 0 1
152 320 0 0
152 328 -1 0
152 336 1 0
152 344 0 0
160 0 0 0
160 8 0 0
160 16 0 0
160 24 0 0
160 32 0 0
160 40 0 0
160 48 0 0
160 56 0 0
160 64 0 1
160 72 0 -1
160 80 0 0
160 88 0 0
160 96 0 0
160 104 -1 0
160 112 1 0
160 120 0 -1
160 128 0 1
160 136 0 0
160 144 0 0
160 152 0 0
160 160 0 0
160 168 0 0
160 176 0 0
160 184 0 0
160 192 -1 0
160 200 1 0
160 208 0 0
160 216 -1 0
160 224 0 0
160 232 0 0
160 240 1 0
160 248 -1 0
160 256 1 0
160 264 0 0
160 272 0 -1
160 280 0 1
160 288 0 -1
160 296 0 1
160 304 0 0
160 312 0 -1
160 320 -1 1
160 328 1 0
160 336 0 0
160 344 0 0
168 0 0 0
168 8 0 0
168 16 0 1
168 24 0 -1
168 32 0 0
168 40 0 0
168 48 0 0
168 56 0 0
168 64 0 0
168 72 0 0
168 80 0 0
168 88 0 0
168 96 -1 0
168 104 1 0
168 112 0 0
168 120 0 0
168 128 0 0
168 136 0 0
168 144 0 0
168 152 0 0
168 160 0 0
168 168 0 0
168 176 0 0
168 184 0 0
168 192 0 0
168 200 0 0
168 208 0 0
168 216 0 0
168 224 0 0
168 232 0 0
168 240 0 0
168 248 0 0
168 256 0 0
168 264 0 0
168 272 0 -1
168 280 0 0
168 288 0 1
168 296 0 -1
168 304 0 1
168 312 0 0
168 320 -1 0
168 328 1 1
168 336 0 -1
168 344 0 0
176 0 0 1
176 8 0 -1
176 16 0 0
176 24 0 0
176 32 0 0
176 40 0 0
176 48 1 -1
176 56 0 1
176 64 -1 0
176 72 -1 0
176 80 1 0
176 88 0 0
176 96 0 0
176 104 0 0
176 112 0 0
176 120 0 0
176 128 0 0
176 136 0 0
176 144 0 0
176 152 0 0
176 160 0 0
176 168 0 0
176 176 0 0
176 184 0 0
176 192 0 0
176 200 0 0
176 208 0 0
176 216 0 0
176 224 0 0
176 232 0 0
176 240 0 0
176 248 0 0
176 256 0 0
176 264 0 1
176 272 1 -1
176 280 -1 -1
176 288 -1 1
176 296 1 0
176 304 -1 0
176 312 1 1
176 320 1 -1
176 328 0 0
176 336 -1 0
176 344 -1 0
184 0 1 1
184 8 -1 -1
184 16 0 0
184 24 -1 -1
184 32 -1 0
184 40 1 -1
184 48 1 1
184 56 0 1
184 64 1 -1
184 72 -1 1
184 80 -1 0
184 88 1 0
184 96 0 0
184 104 0 0
184 112 0 0
184 120 0 0
184 128 0 0
184 136 0 0
184 144 0 -1
184 152 0 1
184 160 0 0
184 168 0 0
184 176 0 0
184 184 0 0
184 192 0 0
184 200 0 0
184 208 0 0
184 216 0 0
184 224 0 0
184 232 0 0
184 240 0 0
184 248 0 0
184 256 0 0
184 264 0 0
184 272 0 0
184 280 0 0
184 288 -1 1
184 296 1 -1
184 304 0 0
184 312 -1 1
184 320 1 -1
184 328 0 0
184 336 0 0
184 344 1 0
192 0 -1 0
192 8 0 0
192 16 0 0
192 24 1 0
192 32 0 1
192 40 0 1
192 48 -1 -1
192 56 1 0
192 64 0 -1
192 72 0 0
192 80 0 0
192 88 0 0
192 96 0 0
192 104 0 0
192 112 -1 0
192 120 0 0
192 128 1 0
192 136 0 -1
192 144 0 1
192 152 0 0
192 160 0 0
192 168 0 0
192 176 0 0
192 184 1 -1
192 192 -1 1
192 200 0 0
192 208 0 0
192 216 0 0
192 224 0 -1
192 232 0 1
192 240 0 0
192 248 -1 0
192 256 1 0
192 264 0 -1
192 272 0 1
192 280 0 0
192 288 0 0
192 296 0 0
192 304 0 0
192 312 0 0
192 320 0 0
192 328 1 1
192 336 0 0
192 344 -1 -1
200 0 0 0
200 8 0 0
200 16 -1 -1
200 24 0 1
200 32 0 -1
200 40 1 0
200 48 0 0
200 56 0 1
200 64 0 0
200 72 0 0
200 80 1 0
200 88 0 0
200 96 -1 0
200 104 1 -1
200 112 -1 1
200 120 0 0
200 128 0 0
200 136 0 0
200 144 1 0
200 152 -1 0
200 160 0 0
200 168 0 0
200 176 0 0
200 184 0 0
200 192 0 0
200 200 0 0
200 208 0 0
200 216 1 0
200 224 -1 0
200 232 0 0
200 240 0 0
200 248 0 0
200 256 0 0
200 264 -1 0
200 272 1 0
200 280 0 0
200 288 0 0
200 296 0 0
200 304 -1 0
200 312 0 -1
200 320 1 1
200 328 1 0
200 336 1 0
200 344 -1 0
208 0 0 0
208 8 0 0
208 16 0 0
208 24 1 -1
208 32 -1 1
208 40 0 0
208 48 0 0
208 56 1 0
208 64 -1 0
208 72 0 0
208 80 0 0
208 88 0 0
208 96 0 -1
208 104 -1 1
208 112 1 0
208 120 -1 0
208 128 1 0
208 136 1 1
208 144 0 -1
208 152 -1 0
208 160 0 0
208 168 0 0
208 176 0 0
208 184 0 0
208 192 0 0
208 200 0 0
208 208 1 0
208 216 -1 0
208 224 1 0
208 232 0 0
208 240 -1 0
208 248 0 0
208 256 0 0
208 264 1 1
208 272 1 -1
208 280 -1 0
208 288 -1 0
208 296 0 0
208 304 0 0
208 312 -1 1
208 320 1 -1
208 328 0 0
208 336 -1 1
208 344 0 -1
216 0 0 0
216 8 0 0
216 16 0 0
216 24 0 -1
216 32 1 1
216 40 0 0
216 48 1 0
216 56 -1 -1
216 64 -1 1
216 72 0 0
216 80 0 0
216 88 -1 0
216 96 1 0
216 104 -1 0
216 112 1 0
216 120 0 0
216 128 0 -1
216 136 0 1
216 144 1 -1
216 152 -1 1
216 160 0 0
216 168 0 0
216 176 0 0
216 184 0 0
216 192 0 0
216 200 0 0
216 208 0 0
216 216 0 0
216 224 -1 1
216 232 0 -1
216 240 1 0
216 248 0 0
216 256 0 0
216 264 0 -1
216 272 1 1
216 280 -1 -1
216 288 0 1
216 296 0 0
216 304 0 0
216 312 1 0
216 320 1 0
216 328 -1 1
216 336 -1 -1
216 344 -1 0
224 0 0 0
224 8 0 0
224 16 0 0
224 24 0 -1
224 32 1 1
224 40 1 0
224 48 1 0
224 56 0 -1
224 64 1 0
224 72 -1 1
224 80 1 1
224 88 -1 -1
224 96 -1 -1
224 104 -1 1
224 112 -1 0
224 120 0 0
224 128 0 -1
224 136 -1 1
224 144 1 -1
224 152 0 1
224 160 0 0
224 168 -1 0
224 176 1 0
224 184 0 0
224 192 0 0
224 200 0 0
224 208 0 0
224 216 -1 0
224 224 1 0
224 232 0 1
224 240 0 -1
224 248 0 0
224 256 -1 0
224 264 -1 -1
224 272 -1 -1
224 280 -1 -1
224 288 1 1
224 296 1 1
224 304 1 1
224 312 -1 0
224 320 1 0
224 328 1 0
224 336 0 -1
224 344 1 1
232 0 0 0
232 8 0 0
232 16 0 0
232 24 0 0
232 32 1 0
232 40 -1 0
232 48 0 0
232 56 0 0
232 64 0 0
232 72 0 0
232 80 0 0
232 88 -1 0
232 96 1 0
232 104 1 0
232 112 -1 0
232 120 0 0
232 128 0 0
232 136 0 1
232 144 -1 -1
232 152 1 0
232 160 0 0
232 168 0 0
232 176 0 0
232 184 0 0
232 192 0 0
232 200 0 0
232 208 0 0
232 216 0 0
232 224 1 1
232 232 -1 0
232 240 0 -1
232 248 0 0
232 256 -1 0
232 264 -1 0
232 272 1 1
232 280 1 -1
232 288 0 0
232 296 0 0
232 304 0 0
232 312 1 1
232 320 -1 -1
232 328 1 0
232 336 0 -1
232 344 -1 1
240 0 0 0
240 8 0 0
240 16 0 0
240 24 0 0
240 32 1 0
240 40 -1 0
240 48 -1 -1
240 56 1 1
240 64 0 0
240 72 0 0
240 80 0 0
240 88 0 0
240 96 -1 0
240 104 1 0
240 112 0 0
240 120 0 0
240 128 -1 1
240 136 1 -1
240 144 0 0
240 152 1 0
240 160 -1 0
240 168 0 0
240 176 0 0
240 184 0 0
240 192 0 0
240 200 0 0
240 208 0 0
240 216 0 0
240 224 0 1
240 232 -1 -1
240 240 0 0
240 248 1 0
240 256 0 0
240 264 1 0
240 272 -1 0
240 280 0 0
240 288 0 0
240 296 0 0
240 304 0 0
240 312 -1 0
240 320 1 0
240 328 1 0
240 336 -1 0
240 344 1 0
248 0 0 0
248 8 0 0
248 16 0 0
248 24 0 -1
248 32 -1 1
248 40 0 0
248 48 1 0
248 56 0 0
248 64 0 0
248 72 0 0
248 80 0 0
248 88 0 0
248 96 0 0
248 104 0 0
248 112 0 0
248 120 0 0
248 128 0 0
248 136 0 0
248 144 1 1
248 152 1 -1
248 160 -1 0
248 168 -1 0
248 176 0 0
248 184 0 0
248 192 0 0
248 200 -1 0
248 208 1 0
248 216 0 0
248 224 0 0
248 232 0 0
248 240 0 0
248 248 0 0
248 256 0 0
248 264 0 0
248 272 0 0
248 280 0 0
248 288 0 0
248 296 0 0
248 304 0 0
248 312 0 0
248 320 0 0
248 328 1 0
248 336 0 0
248 344 0 0
256 0 0 0
256 8 0 0
256 16 0 0
256 24 0 0
256 32 0 1
256 40 1 0
256 48 -1 -1
256 56 0 0
256 64 0 0
256 72 0 0
256 80 0 0
256 88 0 0
256 96 -1 0
256 104 -1 0
256 112 1 0
256 120 1 0
256 128 0 0
256 136 0 0
256 144 1 1
256 152 0 -1
256 160 -1 0
256 168 0 0
256 176 0 0
256 184 0 0
256 192 0 0
256 200 0 0
256 208 0 0
256 216 0 0
256 224 0 -1
256 232 0 1
256 240 0 0
256 248 0 0
256 256 0 0
256 264 0 0
256 272 0 0
256 280 0 0
256 288 0 0
256 296 0 0
256 304 0 0
256 312 0 0
256 320 1 0
256 328 0 0
256 336 1 0
256 344 -1 0
264 0 0 1
264 8 0 -1
264 16 1 1
264 24 -1 -1
264 32 0 1
264 40 1 -1
264 48 0 0
264 56 -1 0
264 64 0 0
264 72 0 0
264 80 0 0
264 88 0 0
264 96 1 0
264 104 -1 0
264 112 0 0
264 120 0 0
264 128 1 -1
264 136 1 1
264 144 1 0
264 152 -1 0
264 160 -1 0
264 168 -1 0
264 176 1 0
264 184 -1 0
264 192 0 0
264 200 0 0
264 208 0 0
264 216 0 0
264 224 0 0
264 232 1 0
264 240 -1 0
264 248 0 0
264 256 0 0
264 264 -1 0
264 272 1 0
264 280 0 0
264 288 0 0
264 296 0 0
264 304 0 0
264 312 -1 0
264 320 1 0
264 328 0 0
264 336 0 0
264 344 1 0
272 0 0 0
272 8 0 0
272 16 -1 1
272 24 1 0
272 32 1 0
272 40 -1 -1
272 48 0 0
272 56 0 0
272 64 0 0
272 72 0 0
272 80 0 0
272 88 0 0
272 96 0 0
272 104 -1 0
272 112 1 0
272 120 1 0
272 128 -1 0
272 136 -1 0
272 144 1 0
272 152 -1 -1
272 160 1 1
272 168 0 0
272 176 0 0
272 184 0 0
272 192 0 0
272 200 0 0
272 208 0 0
272 216 0 0
272 224 -1 0
272 232 1 -1
272 240 0 1
272 248 0 0
272 256 0 0
272 264 -1 0
272 272 1 0
272 280 0 0
272 288 0 0
272 296 0 0
272 304 0 0
272 312 0 0
272 320 0 -1
272 328 -1 1
272 336 -1 -1
272 344 1 1
280 0 0 1
280 8 0 -1
280 16 -1 1
280 24 1 -1
280 32 -1 -1
280 40 1 1
280 48 0 0
280 56 0 0
280 64 0 0
280 72 0 0
280 80 0 0
280 88 0 0
280 96 0 0
280 104 0 0
280 112 0 0
280 120 -1 -1
280 128 -1 0
280 136 0 1
280 144 0 0
280 152 1 -1
280 160 0 -1
280 168 -1 1
280 176 -1 1
280 184 0 -1
280 192 1 1
280 200 1 0
280 208 1 0
280 216 0 0
280 224 0 -1
280 232 -1 1
280 240 0 0
280 248 1 0
280 256 0 0
280 264 0 0
280 272 0 0
280 280 0 0
280 288 0 -1
280 296 0 1
280 304 0 0
280 312 0 0
280 320 0 0
280 328 0 0
280 336 -1 -1
280 344 0 1
